2024-10-14_10:36:03,18591.0,18591.0,18591.0,17072.0,17072.0,17072.0
2024-10-14_10:36:04,11485.0,20278.0,23044.0,13054.0,17632.0,18934.0
2024-10-14_10:36:05,11446.0,20292.0,23526.0,13014.0,17654.0,19402.0
2024-10-14_10:36:06,11423.0,20304.0,23690.0,13013.0,17662.0,19594.0
2024-10-14_10:36:07,10959.0,20318.0,23854.0,13011.0,17662.0,20002.0
2024-10-14_10:36:09,8785.0,20458.0,29960.0,8209.0,17796.0,22684.0
2024-10-14_10:36:11,9816.0,20530.0,34353.0,9544.0,17882.0,25106.0
2024-10-14_10:36:13,8566.0,20635.0,34902.0,8133.0,17913.0,25190.0
2024-10-14_10:36:15,9428.0,20651.0,36435.0,9830.0,17915.0,25850.0
2024-10-14_10:36:17,8523.0,20656.0,37384.0,9641.0,17916.0,26375.0
2024-10-14_10:36:19,8501.0,20707.0,37881.0,9562.0,17916.0,26594.0
2024-10-14_10:36:21,8547.0,20715.0,37982.0,9649.0,17916.0,26602.0
2024-10-14_10:36:22,9722.0,20740.0,38475.0,12995.0,17916.0,26639.0
2024-10-14_10:36:22,10605.0,20752.0,38922.0,13011.0,17931.0,26850.0
2024-10-14_10:36:23,10627.0,20765.0,39123.0,13070.0,17938.0,26900.0
2024-10-14_10:36:25,9841.0,20784.0,39567.0,9796.0,17951.0,26981.0
2024-10-14_10:36:27,8981.0,20925.0,40429.0,9680.0,18030.0,29113.0
2024-10-14_10:36:28,10550.0,20926.0,40556.0,12989.0,18030.0,29258.0
2024-10-14_10:36:30,8930.0,20960.0,40753.0,9884.0,18030.0,29267.0
2024-10-14_10:36:32,8691.0,20984.0,41061.0,8127.0,18030.0,29322.0
2024-10-14_10:36:34,8908.0,20984.0,42764.0,9387.0,18030.0,30072.0
2024-10-14_10:36:35,10504.0,20995.0,42852.0,12970.0,18030.0,30110.0
2024-10-14_10:36:37,9814.0,20999.0,42979.0,9762.0,18030.0,30149.0
2024-10-14_10:36:39,10576.0,21121.0,44111.0,9888.0,18038.0,30226.0
2024-10-14_10:36:41,9896.0,21124.0,44266.0,9565.0,18038.0,30266.0
2024-10-14_10:36:43,9759.0,21126.0,44417.0,9752.0,18038.0,30271.0
2024-10-14_10:36:45,9212.0,21161.0,45033.0,9381.0,18038.0,30438.0
2024-10-14_10:36:47,9674.0,21164.0,45124.0,9614.0,18038.0,30451.0
2024-10-14_10:36:48,10582.0,21164.0,45253.0,13011.0,18038.0,30460.0
2024-10-14_10:36:49,10480.0,21186.0,45339.0,13071.0,18038.0,30472.0
2024-10-14_10:36:51,9182.0,21206.0,45477.0,8409.0,18038.0,30484.0
2024-10-14_10:36:51,9705.0,21206.0,45507.0,12954.0,18038.0,30529.0
2024-10-14_10:36:54,7366.0,21216.0,46421.0,8307.0,18041.0,30702.0
2024-10-14_10:36:56,8490.0,21216.0,46819.0,7964.0,18041.0,30716.0
2024-10-14_10:36:58,9455.0,21216.0,46848.0,9537.0,18041.0,30830.0
2024-10-14_10:37:00,9519.0,21220.0,46938.0,9620.0,18041.0,30841.0
2024-10-14_10:37:02,9641.0,21220.0,46994.0,9670.0,18041.0,30848.0
2024-10-14_10:37:04,9464.0,21227.0,47168.0,9532.0,18041.0,30850.0
2024-10-14_10:37:06,9763.0,21227.0,47181.0,9629.0,18041.0,30850.0
2024-10-14_10:37:07,10491.0,21235.0,47233.0,13085.0,18041.0,30853.0
2024-10-14_10:37:09,7681.0,21235.0,47333.0,8062.0,18042.0,30860.0
2024-10-14_10:37:10,9855.0,21235.0,47347.0,12965.0,18042.0,30862.0
2024-10-14_10:37:12,9694.0,21236.0,47360.0,9741.0,18042.0,30862.0
2024-10-14_10:37:12,10427.0,21240.0,47412.0,13022.0,18042.0,30897.0
2024-10-14_10:37:15,9884.0,21240.0,47441.0,9892.0,18042.0,30898.0
2024-10-14_10:37:17,9106.0,21261.0,47844.0,8100.0,18042.0,30908.0
2024-10-14_10:37:19,9756.0,21265.0,48016.0,9560.0,18044.0,30923.0
2024-10-14_10:37:20,9978.0,21267.0,48036.0,13012.0,18044.0,30938.0
2024-10-14_10:37:22,9053.0,21268.0,48078.0,8206.0,18044.0,30939.0
2024-10-14_10:37:24,9745.0,21275.0,48146.0,9605.0,18068.0,30967.0
2024-10-14_10:37:26,8068.0,21279.0,48407.0,7992.0,18068.0,30967.0
2024-10-14_10:37:28,8207.0,21401.0,48600.0,8012.0,18068.0,30976.0
2024-10-14_10:37:30,9815.0,21401.0,48627.0,9575.0,18068.0,30976.0
2024-10-14_10:37:32,8555.0,21401.0,48632.0,9603.0,18068.0,30976.0
2024-10-14_10:37:35,7651.0,21403.0,48650.0,8108.0,18068.0,30992.0
2024-10-14_10:37:35,11485.0,21407.0,49248.0,13036.0,18070.0,31021.0
2024-10-14_10:37:37,9656.0,21407.0,49289.0,9913.0,18070.0,31022.0
2024-10-14_10:37:39,9402.0,21407.0,49308.0,9577.0,18070.0,31024.0
2024-10-14_10:37:42,8622.0,21407.0,49318.0,9726.0,18082.0,31041.0
2024-10-14_10:37:44,9539.0,21407.0,49334.0,9640.0,18082.0,31044.0
2024-10-14_10:37:46,7537.0,21408.0,49341.0,8112.0,18082.0,31046.0
2024-10-14_10:37:48,7755.0,21413.0,50110.0,7966.0,18082.0,31049.0
2024-10-14_10:37:50,8657.0,21414.0,50150.0,9821.0,18082.0,31054.0
2024-10-14_10:37:52,8681.0,21414.0,50184.0,8144.0,18082.0,31055.0
2024-10-14_10:37:54,9728.0,21414.0,50823.0,9686.0,18083.0,31065.0
2024-10-14_10:37:56,8776.0,21414.0,50833.0,9360.0,18083.0,31072.0
2024-10-14_10:37:58,8451.0,21414.0,50896.0,8130.0,18083.0,31095.0
2024-10-14_10:37:59,10420.0,21414.0,50922.0,13088.0,18083.0,31112.0
2024-10-14_10:38:01,9704.0,21414.0,50971.0,9851.0,18084.0,31116.0
2024-10-14_10:38:03,7514.0,21414.0,51049.0,7959.0,18084.0,31122.0
2024-10-14_10:38:04,10375.0,21414.0,51061.0,13052.0,18084.0,31134.0
2024-10-14_10:38:06,9314.0,21520.0,51283.0,8257.0,18085.0,31139.0
2024-10-14_10:38:08,8752.0,21523.0,51582.0,7994.0,18085.0,31148.0
2024-10-14_10:38:10,9203.0,21523.0,51651.0,7967.0,18085.0,31149.0
2024-10-14_10:38:12,7611.0,21523.0,51667.0,7957.0,18085.0,31154.0
2024-10-14_10:38:14,8886.0,21526.0,51706.0,7957.0,18085.0,31161.0
2024-10-14_10:38:16,8888.0,21527.0,51725.0,7973.0,18085.0,31163.0
2024-10-14_10:38:19,8693.0,21532.0,51744.0,7990.0,18085.0,31172.0
2024-10-14_10:38:21,8437.0,21532.0,51753.0,8000.0,18085.0,31182.0
2024-10-14_10:38:23,9473.0,21532.0,51766.0,9790.0,18085.0,31182.0
2024-10-14_10:38:25,8577.0,21532.0,51777.0,8128.0,18085.0,31183.0
2024-10-14_10:38:27,9427.0,21532.0,51788.0,9551.0,18085.0,31189.0
2024-10-14_10:38:29,7438.0,21533.0,51811.0,8100.0,18085.0,31191.0
2024-10-14_10:38:31,7562.0,21533.0,51824.0,7997.0,18085.0,31198.0
2024-10-14_10:38:33,6138.0,21533.0,51839.0,7818.0,18085.0,31198.0
2024-10-14_10:38:35,7531.0,21533.0,51844.0,7996.0,18085.0,31200.0
2024-10-14_10:38:37,8614.0,21533.0,51890.0,7967.0,18085.0,31200.0
2024-10-14_10:38:38,11217.0,21533.0,52736.0,13057.0,18085.0,31201.0
2024-10-14_10:38:40,9556.0,21533.0,52767.0,9687.0,18085.0,31226.0
2024-10-14_10:38:42,8606.0,21533.0,52794.0,8099.0,18085.0,31228.0
2024-10-14_10:38:44,9943.0,21533.0,52809.0,9552.0,18085.0,31229.0
2024-10-14_10:38:47,8392.0,21533.0,52855.0,8126.0,18085.0,31235.0
2024-10-14_10:38:49,9420.0,21533.0,52857.0,9631.0,18085.0,31242.0
2024-10-14_10:38:51,8695.0,21533.0,52881.0,9357.0,18085.0,31242.0
2024-10-14_10:38:53,9422.0,21533.0,52882.0,9714.0,18085.0,31242.0
2024-10-14_10:38:55,7414.0,21533.0,52894.0,8139.0,18085.0,31245.0
2024-10-14_10:38:56,10447.0,21533.0,52926.0,12964.0,18085.0,31245.0
2024-10-14_10:38:56,10866.0,21533.0,52943.0,13088.0,18085.0,31266.0
2024-10-14_10:38:58,8725.0,21533.0,52948.0,9882.0,18085.0,31283.0
2024-10-14_10:39:01,8636.0,21533.0,52951.0,9709.0,18086.0,31293.0
2024-10-14_10:39:03,8646.0,21533.0,52952.0,9774.0,18086.0,31293.0
2024-10-14_10:39:03,10539.0,21533.0,52957.0,13082.0,18086.0,31293.0
2024-10-14_10:39:05,8808.0,21533.0,52963.0,9913.0,18086.0,31310.0
2024-10-14_10:39:08,9488.0,21536.0,52967.0,9536.0,18087.0,31313.0
2024-10-14_10:39:10,8769.0,21537.0,53080.0,8140.0,18087.0,31313.0
2024-10-14_10:39:12,8765.0,21538.0,53091.0,7963.0,18087.0,31313.0
2024-10-14_10:39:14,9822.0,21540.0,53099.0,9614.0,18087.0,31314.0
2024-10-14_10:39:15,10448.0,21540.0,53101.0,12933.0,18087.0,31322.0
2024-10-14_10:39:17,9777.0,21540.0,53107.0,9747.0,18087.0,31323.0
2024-10-14_10:39:19,7682.0,21541.0,53113.0,8096.0,18087.0,31328.0
2024-10-14_10:39:21,9849.0,21541.0,53122.0,9562.0,18087.0,31332.0
2024-10-14_10:39:23,9478.0,21541.0,53131.0,9704.0,18087.0,31332.0
2024-10-14_10:39:25,8554.0,21541.0,53132.0,8097.0,18087.0,31332.0
2024-10-14_10:39:26,11440.0,21541.0,53175.0,13084.0,18087.0,31792.0
2024-10-14_10:39:28,9612.0,21541.0,53185.0,9722.0,18087.0,31797.0
2024-10-14_10:39:30,9398.0,21541.0,53215.0,9571.0,18087.0,31797.0
2024-10-14_10:39:31,11287.0,21541.0,53223.0,13052.0,18087.0,31797.0
2024-10-14_10:39:33,8290.0,21681.0,54642.0,8326.0,18120.0,32416.0
2024-10-14_10:39:43,18583.0,21681.0,54672.0,17014.0,18120.0,33067.0
2024-10-14_10:39:43,11421.0,21681.0,54682.0,13088.0,18120.0,33170.0
2024-10-14_10:39:46,9656.0,21688.0,54856.0,9450.0,18120.0,33170.0
2024-10-14_10:39:46,11183.0,21689.0,54869.0,13016.0,18120.0,33174.0
2024-10-14_10:39:47,9809.0,21689.0,54871.0,13035.0,18120.0,33181.0
2024-10-14_10:39:49,8672.0,21689.0,54872.0,9638.0,18120.0,33195.0
2024-10-14_10:39:51,8510.0,21689.0,54875.0,9536.0,18120.0,33198.0
2024-10-14_10:39:53,9914.0,21689.0,54881.0,9553.0,18120.0,33203.0
2024-10-14_10:39:55,8503.0,21689.0,54881.0,9584.0,18120.0,33203.0
2024-10-14_10:39:57,8574.0,21689.0,54891.0,9753.0,18120.0,33204.0
2024-10-14_10:39:58,10411.0,21689.0,54901.0,12994.0,18120.0,33213.0
2024-10-14_10:39:59,11027.0,21692.0,54910.0,13108.0,18120.0,33282.0
2024-10-14_10:40:01,8840.0,21692.0,54919.0,9893.0,18120.0,33311.0
2024-10-14_10:40:03,8746.0,21692.0,54921.0,9583.0,18120.0,33311.0
2024-10-14_10:40:04,9951.0,21692.0,54927.0,13023.0,18120.0,33311.0
2024-10-14_10:40:06,8866.0,21692.0,54928.0,9835.0,18121.0,33314.0
2024-10-14_10:40:08,6443.0,21692.0,54936.0,7989.0,18121.0,33317.0
2024-10-14_10:40:09,10478.0,21692.0,54949.0,13046.0,18121.0,33320.0
2024-10-14_10:40:11,9767.0,21695.0,54956.0,9770.0,18121.0,33323.0
2024-10-14_10:40:13,8751.0,21697.0,54991.0,9771.0,18121.0,33327.0
2024-10-14_10:40:15,9196.0,21714.0,55013.0,9337.0,18121.0,33327.0
2024-10-14_10:40:16,10936.0,21714.0,55096.0,13032.0,18121.0,33328.0
2024-10-14_10:40:18,9998.0,21717.0,55101.0,9825.0,18121.0,33349.0
2024-10-14_10:40:20,9644.0,21720.0,55145.0,9725.0,18121.0,33349.0
2024-10-14_10:40:22,10560.0,21724.0,55245.0,10262.0,18122.0,33447.0
2024-10-14_10:40:24,9529.0,21727.0,55250.0,9530.0,18122.0,33447.0
2024-10-14_10:40:26,9956.0,21727.0,55282.0,9685.0,18123.0,33451.0
2024-10-14_10:40:28,7845.0,21727.0,55309.0,9384.0,18123.0,33453.0
2024-10-14_10:40:31,9777.0,21727.0,55369.0,9647.0,18123.0,33458.0
2024-10-14_10:40:33,10014.0,21731.0,55570.0,9686.0,18127.0,33550.0
2024-10-14_10:40:35,9699.0,21731.0,55573.0,9815.0,18127.0,33551.0
2024-10-14_10:40:37,10236.0,21734.0,55579.0,9871.0,18127.0,33551.0
2024-10-14_10:40:38,9958.0,21734.0,55581.0,13000.0,18127.0,33622.0
2024-10-14_10:40:40,8951.0,21734.0,55590.0,9794.0,18128.0,33623.0
2024-10-14_10:40:41,10687.0,21737.0,55616.0,13034.0,18128.0,33625.0
2024-10-14_10:40:43,9565.0,21737.0,55661.0,9733.0,18128.0,33632.0
2024-10-14_10:40:46,10087.0,21742.0,55737.0,9661.0,18128.0,33642.0
2024-10-14_10:40:48,9780.0,21745.0,55745.0,9721.0,18128.0,33642.0
2024-10-14_10:40:49,10348.0,21745.0,55748.0,12987.0,18128.0,33642.0
2024-10-14_10:40:51,9875.0,21745.0,55876.0,9814.0,18128.0,33851.0
2024-10-14_10:40:54,8844.0,21745.0,55880.0,9327.0,18128.0,33855.0
2024-10-14_10:40:56,8965.0,21745.0,55902.0,8161.0,18128.0,33855.0
2024-10-14_10:40:58,9536.0,21745.0,55905.0,9589.0,18128.0,33856.0
2024-10-14_10:41:00,9920.0,21745.0,56554.0,9696.0,18128.0,34086.0
2024-10-14_10:41:02,9477.0,21745.0,56554.0,9532.0,18128.0,34086.0
2024-10-14_10:41:05,9794.0,21745.0,56584.0,9658.0,18128.0,34090.0
2024-10-14_10:41:07,9948.0,21745.0,56680.0,9675.0,18128.0,34143.0
2024-10-14_10:41:08,10501.0,21745.0,56699.0,13087.0,18128.0,34150.0
2024-10-14_10:41:10,9153.0,21745.0,56881.0,8219.0,18128.0,34152.0
2024-10-14_10:41:13,9842.0,21745.0,56916.0,9686.0,18130.0,34160.0
2024-10-14_10:41:15,7593.0,21745.0,56997.0,8126.0,18130.0,34160.0
2024-10-14_10:41:17,9896.0,21745.0,57003.0,9802.0,18130.0,34160.0
2024-10-14_10:41:20,8935.0,21745.0,57029.0,9677.0,18130.0,34161.0
2024-10-14_10:41:22,9531.0,21745.0,57043.0,9777.0,18130.0,34161.0
2024-10-14_10:41:23,11378.0,21745.0,57049.0,13027.0,18130.0,34161.0
2024-10-14_10:41:25,8814.0,21745.0,57049.0,9671.0,18130.0,34163.0
2024-10-14_10:41:27,10007.0,21751.0,57097.0,9641.0,18130.0,34168.0
2024-10-14_10:41:29,9626.0,21751.0,57098.0,9679.0,18131.0,34169.0
2024-10-14_10:41:31,8769.0,21751.0,57099.0,9693.0,18131.0,34169.0
2024-10-14_10:41:33,8714.0,21751.0,57099.0,9803.0,18131.0,34200.0
2024-10-14_10:41:35,9705.0,21769.0,57131.0,9806.0,18131.0,34200.0
2024-10-14_10:41:38,8672.0,21769.0,57132.0,9817.0,18131.0,34201.0
2024-10-14_10:41:40,10057.0,21769.0,57136.0,9650.0,18131.0,34205.0
2024-10-14_10:41:43,9928.0,21773.0,57173.0,9679.0,18131.0,34205.0
2024-10-14_10:41:45,9712.0,21776.0,57184.0,9819.0,18131.0,34205.0
2024-10-14_10:41:47,8697.0,21776.0,57185.0,9534.0,18131.0,34207.0
2024-10-14_10:41:47,11386.0,21779.0,57193.0,13041.0,18131.0,34211.0
2024-10-14_10:41:48,10096.0,21779.0,57201.0,12980.0,18131.0,34211.0
2024-10-14_10:41:49,10686.0,21779.0,57222.0,13066.0,18131.0,34211.0
2024-10-14_10:41:49,10499.0,21779.0,57225.0,13010.0,18131.0,34211.0
2024-10-14_10:41:50,10007.0,21779.0,57234.0,13031.0,18131.0,34212.0
2024-10-14_10:41:52,9633.0,21783.0,57251.0,10344.0,18131.0,34217.0
2024-10-14_10:41:54,10588.0,21810.0,57886.0,9771.0,18252.0,34371.0
2024-10-14_10:42:06,18634.0,21810.0,58108.0,17103.0,18258.0,34427.0
2024-10-14_10:42:08,8565.0,21810.0,58108.0,9825.0,18258.0,34428.0
2024-10-14_10:42:08,10424.0,21810.0,58115.0,13052.0,18258.0,34439.0
2024-10-14_10:42:09,10000.0,21812.0,58117.0,12971.0,18258.0,34440.0
2024-10-14_10:42:10,10540.0,21812.0,58121.0,13044.0,18258.0,34468.0
2024-10-14_10:42:12,8549.0,21812.0,58299.0,9655.0,18258.0,34468.0
2024-10-14_10:42:12,10394.0,21812.0,58342.0,12997.0,18258.0,34471.0
2024-10-14_10:42:13,9870.0,21812.0,58342.0,13019.0,18258.0,34473.0
2024-10-14_10:42:14,10704.0,21812.0,58348.0,13004.0,18258.0,34473.0
2024-10-14_10:42:14,10669.0,21812.0,58350.0,13060.0,18258.0,34473.0
2024-10-14_10:42:15,10126.0,21812.0,58358.0,12953.0,18258.0,34475.0
2024-10-14_10:42:17,8801.0,21812.0,58386.0,9681.0,18258.0,34476.0
2024-10-14_10:42:19,9724.0,21812.0,58421.0,9549.0,18258.0,34481.0
2024-10-14_10:42:21,8836.0,21812.0,58425.0,9712.0,18258.0,34488.0
2024-10-14_10:42:22,9928.0,21812.0,58427.0,13050.0,18258.0,34515.0
2024-10-14_10:42:24,8770.0,21812.0,58430.0,9676.0,18258.0,34515.0
2024-10-14_10:42:25,10425.0,21816.0,58447.0,12980.0,18258.0,34546.0
2024-10-14_10:42:27,10779.0,21817.0,58498.0,10358.0,18258.0,34546.0
2024-10-14_10:42:29,8874.0,21817.0,58498.0,9711.0,18258.0,34546.0
2024-10-14_10:42:31,10068.0,21817.0,58509.0,9535.0,18258.0,34547.0
2024-10-14_10:42:33,9248.0,21817.0,58511.0,9409.0,18258.0,34547.0
2024-10-14_10:42:34,9890.0,21817.0,58516.0,13011.0,18258.0,34559.0
2024-10-14_10:42:36,9871.0,21819.0,58523.0,9688.0,18259.0,34560.0
2024-10-14_10:42:37,10399.0,21819.0,58527.0,12984.0,18259.0,34560.0
2024-10-14_10:42:37,11670.0,21819.0,58548.0,13053.0,18259.0,34563.0
2024-10-14_10:42:38,9991.0,21819.0,58567.0,12966.0,18259.0,34583.0
2024-10-14_10:42:40,9745.0,21825.0,58624.0,9450.0,18260.0,34612.0
2024-10-14_10:42:41,10619.0,21825.0,58649.0,13067.0,18260.0,34613.0
2024-10-14_10:42:42,10220.0,21825.0,58666.0,12977.0,18260.0,34619.0
2024-10-14_10:42:44,10193.0,21852.0,58700.0,9819.0,18261.0,34620.0
2024-10-14_10:42:45,10962.0,21852.0,58711.0,13041.0,18261.0,34643.0
2024-10-14_10:42:47,8920.0,21852.0,58711.0,9482.0,18261.0,34643.0
2024-10-14_10:42:48,11031.0,21853.0,58718.0,12981.0,18261.0,34644.0
2024-10-14_10:42:50,9078.0,21859.0,58764.0,9819.0,18261.0,34645.0
2024-10-14_10:42:52,10215.0,21859.0,58783.0,9579.0,18261.0,34645.0
2024-10-14_10:42:53,11570.0,21862.0,58789.0,12944.0,18261.0,34652.0
2024-10-14_10:42:55,10158.0,21865.0,58802.0,9797.0,18261.0,34655.0
2024-10-14_10:42:57,9457.0,21866.0,58808.0,10244.0,18261.0,34655.0
2024-10-14_10:42:58,10056.0,21866.0,59498.0,12986.0,18261.0,34855.0
2024-10-14_10:43:00,10130.0,21869.0,59586.0,9788.0,18261.0,34855.0
2024-10-14_10:43:01,10468.0,21869.0,59609.0,13046.0,18261.0,34859.0
2024-10-14_10:43:01,10687.0,21869.0,59618.0,13046.0,18261.0,34863.0
2024-10-14_10:43:03,9995.0,21869.0,59621.0,9652.0,18261.0,34865.0
2024-10-14_10:43:04,10498.0,21869.0,59633.0,13052.0,18261.0,34870.0
2024-10-14_10:43:06,10566.0,21869.0,59637.0,9949.0,18261.0,34870.0
2024-10-14_10:43:08,9756.0,21869.0,59651.0,9594.0,18261.0,34870.0
2024-10-14_10:43:11,9933.0,21869.0,59655.0,9723.0,18261.0,34870.0
2024-10-14_10:43:13,7747.0,21869.0,59658.0,8100.0,18261.0,34873.0
2024-10-14_10:43:14,11509.0,21869.0,59942.0,12995.0,18261.0,35074.0
2024-10-14_10:43:16,9985.0,21869.0,59958.0,9788.0,18261.0,35147.0
2024-10-14_10:43:18,7640.0,21870.0,59964.0,8102.0,18261.0,35147.0
2024-10-14_10:43:20,9720.0,21870.0,59986.0,9415.0,18261.0,35149.0
2024-10-14_10:43:23,9770.0,21870.0,60044.0,9686.0,18261.0,35151.0
2024-10-14_10:43:23,10434.0,21870.0,60045.0,13033.0,18261.0,35151.0
2024-10-14_10:43:24,11001.0,21870.0,60049.0,12977.0,18261.0,35151.0
2024-10-14_10:43:25,10284.0,21870.0,60051.0,13068.0,18261.0,35151.0
2024-10-14_10:43:25,10552.0,21870.0,60066.0,12995.0,18261.0,35153.0
2024-10-14_10:43:27,9787.0,21870.0,60077.0,9723.0,18261.0,35153.0
2024-10-14_10:43:29,10243.0,21870.0,60079.0,10318.0,18261.0,35153.0
2024-10-14_10:43:32,9889.0,21870.0,60080.0,9690.0,18262.0,35155.0
2024-10-14_10:43:34,9678.0,21870.0,60087.0,9641.0,18262.0,35155.0
2024-10-14_10:43:36,9465.0,21870.0,60087.0,9823.0,18262.0,35155.0
2024-10-14_10:43:37,10441.0,21870.0,60119.0,12985.0,18262.0,35226.0
2024-10-14_10:43:39,8726.0,21870.0,60124.0,9783.0,18262.0,35227.0
2024-10-14_10:43:41,9278.0,21870.0,60131.0,9364.0,18262.0,35227.0
2024-10-14_10:43:41,10445.0,21870.0,60171.0,13007.0,18262.0,35227.0
2024-10-14_10:43:42,10035.0,21874.0,60197.0,12958.0,18262.0,35230.0
2024-10-14_10:43:43,10672.0,21874.0,60199.0,13066.0,18262.0,35230.0
2024-10-14_10:43:44,10619.0,21874.0,60201.0,13053.0,18262.0,35234.0
2024-10-14_10:43:45,10424.0,21874.0,60204.0,13004.0,18262.0,35255.0
2024-10-14_10:43:45,10726.0,21874.0,60214.0,13082.0,18262.0,35255.0
2024-10-14_10:43:46,11348.0,21874.0,60224.0,13057.0,18262.0,35258.0
2024-10-14_10:43:49,11554.0,21883.0,60296.0,12989.0,18262.0,35396.0
2024-10-14_10:43:50,11691.0,21886.0,60319.0,13009.0,18262.0,35397.0
2024-10-14_10:43:51,11126.0,21886.0,60327.0,13006.0,18262.0,35403.0
2024-10-14_10:43:52,10706.0,21886.0,60332.0,13060.0,18262.0,35403.0
2024-10-14_10:43:53,10564.0,21886.0,60361.0,12988.0,18262.0,35424.0
2024-10-14_10:43:53,11815.0,21889.0,60383.0,13104.0,18262.0,35553.0
2024-10-14_10:43:56,8928.0,21889.0,60384.0,9813.0,18262.0,35553.0
2024-10-14_10:43:58,9114.0,21889.0,60403.0,9302.0,18262.0,35553.0
2024-10-14_10:43:59,11490.0,21889.0,60412.0,13040.0,18262.0,35567.0
2024-10-14_10:43:59,10819.0,21889.0,60416.0,13053.0,18262.0,35570.0
2024-10-14_10:44:00,11776.0,21892.0,60422.0,13006.0,18262.0,35570.0
2024-10-14_10:44:01,11077.0,21892.0,61000.0,13041.0,18262.0,35597.0
2024-10-14_10:44:02,11722.0,21892.0,61033.0,13051.0,18262.0,35597.0
2024-10-14_10:44:04,10108.0,21892.0,61036.0,9735.0,18262.0,35600.0
2024-10-14_10:44:05,10691.0,21892.0,61043.0,13044.0,18262.0,35600.0
2024-10-14_10:44:07,10767.0,21892.0,61045.0,10341.0,18262.0,35600.0
2024-10-14_10:44:08,11694.0,21892.0,61050.0,12984.0,18262.0,35704.0
2024-10-14_10:44:09,10701.0,21892.0,61057.0,13051.0,18262.0,35707.0
2024-10-14_10:44:11,10660.0,21944.0,61141.0,11977.0,18269.0,35745.0
2024-10-14_10:44:13,9464.0,21944.0,61143.0,9460.0,18269.0,35747.0
2024-10-14_10:44:15,7403.0,21944.0,61151.0,8003.0,18269.0,35747.0
2024-10-14_10:44:17,9878.0,21944.0,61151.0,9826.0,18269.0,35747.0
2024-10-14_10:44:19,10029.0,21944.0,61160.0,9697.0,18269.0,35751.0
2024-10-14_10:44:22,9754.0,21944.0,61162.0,9658.0,18269.0,35751.0
2024-10-14_10:44:24,9527.0,21944.0,61162.0,9646.0,18269.0,35751.0
2024-10-14_10:44:26,9137.0,21949.0,61170.0,9362.0,18269.0,35751.0
2024-10-14_10:44:26,10370.0,21949.0,61192.0,13053.0,18269.0,35751.0
2024-10-14_10:44:28,9545.0,21949.0,61194.0,9786.0,18269.0,35751.0
2024-10-14_10:44:30,9800.0,21949.0,61200.0,9565.0,18269.0,35751.0
2024-10-14_10:44:33,8565.0,21949.0,61200.0,9549.0,18269.0,35751.0
2024-10-14_10:44:35,10283.0,21949.0,61234.0,12955.0,18269.0,35754.0
2024-10-14_10:44:37,8110.0,21949.0,61235.0,9422.0,18269.0,35754.0
2024-10-14_10:44:38,9835.0,21949.0,61238.0,12960.0,18269.0,35754.0
2024-10-14_10:44:39,10412.0,21949.0,61238.0,13053.0,18269.0,35754.0
2024-10-14_10:44:39,10571.0,21949.0,61242.0,13062.0,18269.0,35872.0
2024-10-14_10:44:40,9864.0,21949.0,61244.0,12988.0,18275.0,35878.0
2024-10-14_10:44:42,9816.0,21949.0,61246.0,9798.0,18276.0,35879.0
2024-10-14_10:44:44,9685.0,21949.0,61246.0,9571.0,18276.0,35879.0
2024-10-14_10:44:46,10461.0,21949.0,61246.0,10243.0,18276.0,35879.0
2024-10-14_10:44:47,11193.0,21951.0,61259.0,13043.0,18276.0,35879.0
2024-10-14_10:44:50,9715.0,21951.0,61262.0,9824.0,18277.0,35880.0
2024-10-14_10:44:52,9937.0,21951.0,61269.0,9724.0,18277.0,35880.0
2024-10-14_10:44:54,9543.0,21951.0,61286.0,9707.0,18277.0,35903.0
2024-10-14_10:44:55,10432.0,21951.0,61290.0,13036.0,18277.0,35903.0
2024-10-14_10:44:55,10407.0,21951.0,61294.0,13078.0,18277.0,35903.0
2024-10-14_10:44:56,11002.0,21951.0,61298.0,12962.0,18277.0,35903.0
2024-10-14_10:44:58,9750.0,21951.0,61298.0,9823.0,18277.0,35903.0
2024-10-14_10:44:59,10434.0,21951.0,61298.0,12983.0,18277.0,35903.0
2024-10-14_10:45:02,10595.0,21951.0,61309.0,12945.0,18277.0,35923.0
2024-10-14_10:45:02,10409.0,21951.0,61326.0,13004.0,18277.0,35923.0
2024-10-14_10:45:03,9857.0,21951.0,61328.0,13014.0,18277.0,35923.0
2024-10-14_10:45:04,11644.0,21951.0,61332.0,13007.0,18277.0,35924.0
2024-10-14_10:45:06,10689.0,21951.0,61335.0,10359.0,18277.0,35924.0
2024-10-14_10:45:08,9668.0,21951.0,61349.0,9804.0,18279.0,35928.0
2024-10-14_10:45:10,9232.0,21951.0,61350.0,9360.0,18279.0,35928.0
2024-10-14_10:45:11,10063.0,21951.0,61352.0,12994.0,18279.0,35961.0
2024-10-14_10:45:12,11552.0,21951.0,61354.0,13061.0,18279.0,35963.0
2024-10-14_10:45:14,10103.0,21951.0,61362.0,9927.0,18279.0,35963.0
2024-10-14_10:45:16,10340.0,21951.0,61368.0,10281.0,18279.0,35964.0
2024-10-14_10:45:19,11481.0,21951.0,61386.0,12972.0,18279.0,35968.0
2024-10-14_10:45:19,10488.0,21951.0,61386.0,12973.0,18279.0,35973.0
2024-10-14_10:45:22,10707.0,21951.0,61402.0,10349.0,18279.0,35973.0
2024-10-14_10:45:24,9603.0,21951.0,61428.0,9711.0,18279.0,35973.0
2024-10-14_10:45:24,10447.0,21951.0,61431.0,12977.0,18279.0,36101.0
2024-10-14_10:45:27,10510.0,21951.0,61432.0,13040.0,18279.0,36104.0
2024-10-14_10:45:39,,,,,,
2024-10-14_10:45:50,18545.0,21953.0,61440.0,17086.0,18281.0,36124.0
2024-10-14_10:45:53,10241.0,21953.0,61445.0,12991.0,18281.0,36131.0
2024-10-14_10:45:53,10502.0,21953.0,61462.0,13053.0,18281.0,36131.0
2024-10-14_10:45:54,9902.0,21953.0,61462.0,12974.0,18281.0,36132.0
2024-10-14_10:45:55,10444.0,21953.0,61463.0,13047.0,18281.0,36132.0
2024-10-14_10:45:57,10339.0,21953.0,61465.0,12982.0,18281.0,36133.0
2024-10-14_10:46:00,10280.0,21953.0,61471.0,12980.0,18281.0,36134.0
2024-10-14_10:46:02,9062.0,21953.0,61505.0,11964.0,18281.0,36134.0
2024-10-14_10:46:05,11320.0,21953.0,61509.0,12973.0,18281.0,36141.0
2024-10-14_10:46:07,9418.0,21953.0,61509.0,10323.0,18281.0,36141.0
2024-10-14_10:46:08,10513.0,21953.0,61519.0,13052.0,18284.0,36144.0
2024-10-14_10:46:08,11481.0,21953.0,61522.0,13032.0,18284.0,36144.0
2024-10-14_10:46:09,9807.0,21953.0,61522.0,13038.0,18284.0,36144.0
2024-10-14_10:46:10,10358.0,21953.0,61536.0,13009.0,18284.0,36144.0
2024-10-14_10:46:10,10578.0,21953.0,61537.0,12979.0,18284.0,36151.0
2024-10-14_10:46:12,9465.0,21953.0,61539.0,9475.0,18284.0,36151.0
2024-10-14_10:46:15,8928.0,21953.0,61552.0,8144.0,18284.0,36152.0
2024-10-14_10:46:15,11713.0,21953.0,61581.0,13047.0,18284.0,36152.0
2024-10-14_10:46:16,10853.0,21953.0,61583.0,13009.0,18284.0,36153.0
2024-10-14_10:46:17,10413.0,21953.0,61584.0,13053.0,18284.0,36153.0
2024-10-14_10:46:19,10327.0,21954.0,61606.0,12996.0,18284.0,36159.0
2024-10-14_10:46:21,7030.0,21963.0,61617.0,8110.0,18284.0,36159.0
2024-10-14_10:46:24,8248.0,21963.0,61618.0,9355.0,18284.0,36159.0
2024-10-14_10:46:24,10540.0,21963.0,61628.0,13036.0,18284.0,36161.0
2024-10-14_10:46:27,11526.0,21963.0,61634.0,12991.0,18284.0,36225.0
2024-10-14_10:46:29,9113.0,21966.0,62667.0,8331.0,18307.0,36975.0
2024-10-14_10:46:33,9093.0,21966.0,62687.0,7963.0,18307.0,37010.0
2024-10-14_10:46:35,8909.0,21966.0,62702.0,7993.0,18307.0,37010.0
2024-10-14_10:46:38,11551.0,21966.0,62711.0,13016.0,18307.0,37013.0
2024-10-14_10:46:38,10465.0,21966.0,62711.0,12974.0,18307.0,37013.0
2024-10-14_10:46:40,7683.0,21966.0,62713.0,8229.0,18307.0,37013.0
2024-10-14_10:46:43,8847.0,21966.0,62720.0,8012.0,18307.0,37013.0
2024-10-14_10:46:43,11424.0,21966.0,62720.0,12943.0,18307.0,37019.0
2024-10-14_10:46:44,10958.0,21966.0,62721.0,13073.0,18308.0,37020.0
2024-10-14_10:46:46,7662.0,21966.0,62721.0,8230.0,18308.0,37020.0
2024-10-14_10:46:47,11325.0,21966.0,62723.0,13012.0,18308.0,37021.0
2024-10-14_10:46:47,11176.0,21966.0,62724.0,13082.0,18308.0,37021.0
2024-10-14_10:46:49,8549.0,21966.0,62724.0,9793.0,18308.0,37021.0
2024-10-14_10:46:50,10393.0,21966.0,62725.0,12854.0,18308.0,37029.0
2024-10-14_10:46:53,10405.0,21967.0,62739.0,12982.0,18308.0,37029.0
2024-10-14_10:46:56,11324.0,21967.0,62741.0,13016.0,18308.0,37031.0
2024-10-14_10:46:58,10368.0,21967.0,62744.0,12993.0,18308.0,37038.0
2024-10-14_10:47:01,10265.0,21967.0,62746.0,12965.0,18308.0,37038.0
2024-10-14_10:47:05,11503.0,21967.0,62863.0,13040.0,18308.0,37117.0
2024-10-14_10:47:05,10411.0,21967.0,62864.0,13052.0,18308.0,37117.0
2024-10-14_10:47:08,11332.0,21967.0,62867.0,13006.0,18308.0,37144.0
2024-10-14_10:47:10,10493.0,21967.0,62867.0,10342.0,18308.0,37144.0
2024-10-14_10:47:12,9812.0,21967.0,62867.0,9732.0,18308.0,37144.0
2024-10-14_10:47:13,11440.0,21967.0,62870.0,13066.0,18308.0,37145.0
2024-10-14_10:47:15,11289.0,21967.0,62878.0,12988.0,18308.0,37148.0
2024-10-14_10:47:18,11332.0,21967.0,62882.0,12975.0,18308.0,37150.0
2024-10-14_10:47:19,9964.0,21967.0,62887.0,12997.0,18308.0,37150.0
2024-10-14_10:47:20,10620.0,21967.0,62888.0,12996.0,18308.0,37150.0
2024-10-14_10:47:22,11437.0,21967.0,62889.0,13034.0,18308.0,37159.0
2024-10-14_10:47:24,10557.0,21967.0,62889.0,10370.0,18308.0,37159.0
2024-10-14_10:47:27,9422.0,21967.0,62889.0,10229.0,18308.0,37159.0
2024-10-14_10:47:29,10247.0,21967.0,62899.0,12960.0,18308.0,37167.0
2024-10-14_10:47:31,9808.0,21967.0,62902.0,9806.0,18308.0,37167.0
2024-10-14_10:47:32,9920.0,21967.0,62917.0,13026.0,18308.0,37192.0
2024-10-14_10:47:33,10561.0,21973.0,62932.0,12992.0,18308.0,37193.0
2024-10-14_10:47:35,10730.0,21973.0,62941.0,10375.0,18308.0,37193.0
2024-10-14_10:47:38,11432.0,21973.0,62944.0,12988.0,18308.0,37214.0
2024-10-14_10:47:38,11725.0,21973.0,62952.0,13076.0,18313.0,37222.0
2024-10-14_10:47:41,7984.0,21973.0,62965.0,9437.0,18313.0,37223.0
2024-10-14_10:47:43,9939.0,21973.0,62966.0,11937.0,18313.0,37223.0
2024-10-14_10:47:43,10387.0,21973.0,62970.0,13047.0,18313.0,37223.0
2024-10-14_10:47:45,9984.0,21973.0,62970.0,9915.0,18313.0,37223.0
2024-10-14_10:47:48,11518.0,21973.0,62971.0,13016.0,18313.0,37225.0
2024-10-14_10:47:49,10673.0,21973.0,62971.0,13035.0,18313.0,37225.0
2024-10-14_10:47:52,11551.0,21973.0,62974.0,12973.0,18313.0,37226.0
2024-10-14_10:47:55,11375.0,21973.0,62979.0,13007.0,18313.0,37227.0
2024-10-14_10:47:57,9225.0,21973.0,62983.0,9418.0,18313.0,37227.0
2024-10-14_10:47:59,11454.0,21973.0,62984.0,12967.0,18313.0,37228.0
2024-10-14_10:48:02,10478.0,21976.0,62990.0,10328.0,18313.0,37228.0
2024-10-14_10:48:04,11448.0,21976.0,62991.0,12958.0,18313.0,37228.0
2024-10-14_10:48:07,10575.0,21976.0,62991.0,12941.0,18313.0,37232.0
2024-10-14_10:48:10,11534.0,21976.0,63014.0,12960.0,18313.0,37233.0
2024-10-14_10:48:12,9023.0,21976.0,63018.0,9474.0,18313.0,37233.0
2024-10-14_10:48:15,11537.0,21976.0,63025.0,12965.0,18313.0,37233.0
2024-10-14_10:48:15,10760.0,21977.0,63085.0,12989.0,18313.0,37233.0
2024-10-14_10:48:18,9624.0,21977.0,63087.0,10340.0,18313.0,37234.0
2024-10-14_10:48:20,10560.0,21977.0,63087.0,10279.0,18313.0,37234.0
2024-10-14_10:48:22,8777.0,21977.0,63088.0,9563.0,18313.0,37234.0
2024-10-14_10:48:24,10551.0,21977.0,63089.0,10230.0,18313.0,37235.0
2024-10-14_10:48:26,10295.0,21983.0,63101.0,12003.0,18313.0,37235.0
2024-10-14_10:48:29,10470.0,21983.0,63102.0,12981.0,18313.0,37237.0
2024-10-14_10:48:31,10504.0,21986.0,63106.0,10349.0,18313.0,37237.0
2024-10-14_10:48:34,11442.0,21989.0,63113.0,12994.0,18313.0,37242.0
2024-10-14_10:48:36,10480.0,21989.0,63116.0,12972.0,18313.0,37242.0
2024-10-14_10:48:39,11217.0,21989.0,63133.0,12996.0,18313.0,37242.0
2024-10-14_10:48:42,11389.0,22030.0,63269.0,13035.0,18362.0,37313.0
2024-10-14_10:48:44,9685.0,22030.0,63271.0,9864.0,18362.0,37313.0
2024-10-14_10:48:46,9720.0,22030.0,63271.0,9671.0,18362.0,37313.0
2024-10-14_10:48:48,10317.0,22030.0,63271.0,10248.0,18362.0,37313.0
2024-10-14_10:48:50,9780.0,22031.0,63273.0,9641.0,18362.0,37313.0
2024-10-14_10:48:53,11274.0,22031.0,63273.0,12992.0,18362.0,37316.0
2024-10-14_10:48:55,9775.0,22031.0,63275.0,9782.0,18362.0,37316.0
2024-10-14_10:48:57,10375.0,22031.0,63285.0,10239.0,18362.0,37319.0
2024-10-14_10:48:57,10378.0,22031.0,63286.0,12988.0,18362.0,37319.0
2024-10-14_10:48:58,9850.0,22031.0,63286.0,13038.0,18362.0,37319.0
2024-10-14_10:49:01,10314.0,22031.0,63286.0,12996.0,18362.0,37319.0
2024-10-14_10:49:01,10455.0,22031.0,63286.0,13064.0,18362.0,37319.0
2024-10-14_10:49:04,10343.0,22031.0,63286.0,13005.0,18362.0,37321.0
2024-10-14_10:49:06,8603.0,22031.0,63286.0,9811.0,18362.0,37321.0
2024-10-14_10:49:08,10542.0,22031.0,63288.0,10224.0,18362.0,37321.0
2024-10-14_10:49:09,10770.0,22031.0,63291.0,13026.0,18362.0,37321.0
2024-10-14_10:49:11,10525.0,22031.0,63293.0,10369.0,18362.0,37321.0
2024-10-14_10:49:12,10491.0,22071.0,64577.0,13012.0,18373.0,40189.0
2024-10-14_10:49:12,10452.0,22071.0,64577.0,13046.0,18373.0,40195.0
2024-10-14_10:49:14,10381.0,22071.0,64589.0,10353.0,18373.0,40195.0
2024-10-14_10:49:16,9753.0,22071.0,64589.0,9568.0,18373.0,40195.0
2024-10-14_10:49:19,11437.0,22071.0,64589.0,12985.0,18373.0,40196.0
2024-10-14_10:49:20,10860.0,22071.0,64591.0,13052.0,18373.0,40196.0
2024-10-14_10:49:23,11433.0,22071.0,64600.0,13003.0,18373.0,40196.0
2024-10-14_10:49:25,10525.0,22071.0,64600.0,12963.0,18373.0,40203.0
2024-10-14_10:49:26,11583.0,22071.0,64604.0,12972.0,18373.0,40203.0
2024-10-14_10:49:28,9580.0,22071.0,64604.0,10374.0,18373.0,40203.0
2024-10-14_10:49:30,10702.0,22071.0,64609.0,10231.0,18373.0,40203.0
2024-10-14_10:49:31,10336.0,22071.0,64610.0,12960.0,18373.0,40204.0
2024-10-14_10:49:33,10476.0,22071.0,64611.0,10321.0,18373.0,40207.0
2024-10-14_10:49:35,9868.0,22071.0,64611.0,9565.0,18373.0,40207.0
2024-10-14_10:49:36,10331.0,22071.0,64611.0,12959.0,18373.0,40211.0
2024-10-14_10:49:39,11534.0,22071.0,64616.0,12999.0,18373.0,40211.0
2024-10-14_10:49:40,10398.0,22071.0,64620.0,12990.0,18373.0,40214.0
2024-10-14_10:49:42,9928.0,22071.0,64638.0,9707.0,18373.0,40214.0
2024-10-14_10:49:42,10458.0,22071.0,64638.0,13043.0,18373.0,40214.0
2024-10-14_10:49:44,8854.0,22071.0,64640.0,9920.0,18373.0,40214.0
2024-10-14_10:49:47,8427.0,22071.0,64641.0,9344.0,18373.0,40214.0
2024-10-14_10:49:47,10533.0,22071.0,64641.0,13001.0,18373.0,40214.0
2024-10-14_10:49:49,8475.0,22071.0,64642.0,9472.0,18373.0,40214.0
2024-10-14_10:49:50,9721.0,22071.0,64643.0,13012.0,18373.0,40217.0
2024-10-14_10:49:52,10017.0,22071.0,64646.0,9652.0,18373.0,40217.0
2024-10-14_10:49:55,11657.0,22071.0,64648.0,12989.0,18373.0,40220.0
2024-10-14_10:49:57,10578.0,22071.0,64650.0,9926.0,18373.0,40220.0
2024-10-14_10:50:00,11536.0,22071.0,64650.0,12998.0,18373.0,40220.0
2024-10-14_10:50:01,10496.0,22071.0,64653.0,13022.0,18373.0,40220.0
2024-10-14_10:50:03,9466.0,22071.0,64655.0,9994.0,18373.0,40220.0
2024-10-14_10:50:04,10704.0,22071.0,64656.0,12984.0,18373.0,40220.0
2024-10-14_10:50:06,10612.0,22071.0,64657.0,10312.0,18373.0,40220.0
2024-10-14_10:50:06,10280.0,22071.0,64659.0,13002.0,18373.0,40220.0
2024-10-14_10:50:07,9891.0,22071.0,64660.0,13029.0,18373.0,40220.0
2024-10-14_10:50:08,11430.0,22071.0,64660.0,13056.0,18373.0,40222.0
2024-10-14_10:50:17,11330.0,22071.0,65039.0,12992.0,18374.0,40233.0
2024-10-14_10:50:19,9884.0,22071.0,65039.0,9654.0,18374.0,40233.0
2024-10-14_10:50:21,9571.0,22071.0,65040.0,10249.0,18374.0,40237.0
2024-10-14_10:50:24,9024.0,22071.0,65041.0,8128.0,18374.0,40238.0
2024-10-14_10:50:26,8894.0,22071.0,65043.0,7998.0,18374.0,40238.0
2024-10-14_10:50:27,11249.0,22071.0,65045.0,13054.0,18374.0,40238.0
2024-10-14_10:50:28,10941.0,22071.0,65045.0,13004.0,18374.0,40238.0
2024-10-14_10:50:30,8886.0,22071.0,65150.0,8239.0,18374.0,40241.0
2024-10-14_10:50:32,9969.0,22071.0,65150.0,9596.0,18374.0,40241.0
2024-10-14_10:50:34,9233.0,22071.0,65153.0,8131.0,18377.0,40244.0
2024-10-14_10:50:37,8571.0,22071.0,65157.0,7973.0,18377.0,40244.0
2024-10-14_10:50:39,11464.0,22071.0,65158.0,12985.0,18377.0,40651.0
2024-10-14_10:50:41,8165.0,22071.0,65158.0,9460.0,18377.0,40651.0
2024-10-14_10:50:44,8639.0,22071.0,65159.0,8143.0,18377.0,40668.0
2024-10-14_10:50:46,9047.0,22071.0,65162.0,8012.0,18377.0,40668.0
2024-10-14_10:50:48,8490.0,22071.0,65162.0,7956.0,18377.0,40668.0
2024-10-14_10:50:50,8612.0,22071.0,65163.0,7990.0,18377.0,40668.0
2024-10-14_10:50:52,9507.0,22071.0,65167.0,9722.0,18378.0,40669.0
2024-10-14_10:50:54,8978.0,22071.0,65169.0,8131.0,18378.0,40669.0
2024-10-14_10:50:56,9346.0,22071.0,65172.0,9376.0,18378.0,40669.0
2024-10-14_10:50:57,11269.0,22071.0,65175.0,13065.0,18378.0,40670.0
2024-10-14_10:50:58,9656.0,22078.0,65182.0,12965.0,18378.0,40671.0
2024-10-14_10:51:07,8772.0,22078.0,65226.0,9757.0,18378.0,40704.0
2024-10-14_10:51:08,10133.0,22078.0,65226.0,13041.0,18378.0,40704.0
2024-10-14_10:51:20,,,,,,
2024-10-14_10:51:30,16926.0,22078.0,65246.0,13741.0,18380.0,40780.0
2024-10-14_10:51:32,8476.0,22078.0,65247.0,9671.0,18380.0,40796.0
2024-10-14_10:51:33,9913.0,22078.0,65248.0,13049.0,18380.0,40807.0
2024-10-14_10:51:33,10472.0,22078.0,65248.0,13007.0,18380.0,40807.0
2024-10-14_10:51:35,8762.0,22078.0,65248.0,9837.0,18380.0,40807.0
2024-10-14_10:51:36,10135.0,22078.0,65248.0,12965.0,18380.0,40807.0
2024-10-14_10:51:38,8793.0,22078.0,65248.0,9831.0,18380.0,40807.0
2024-10-14_10:51:39,9632.0,22078.0,65252.0,13019.0,18380.0,41232.0
2024-10-14_10:51:41,9407.0,22078.0,65252.0,10354.0,18380.0,41232.0
2024-10-14_10:51:43,9572.0,22078.0,65252.0,9674.0,18380.0,41232.0
2024-10-14_10:51:44,9544.0,22078.0,65255.0,13021.0,18421.0,41346.0
2024-10-14_10:51:46,8554.0,22078.0,65259.0,9843.0,18421.0,41346.0
2024-10-14_10:51:48,8622.0,22078.0,65261.0,9542.0,18421.0,41346.0
2024-10-14_10:51:50,9795.0,22078.0,65263.0,9684.0,18421.0,41346.0
2024-10-14_10:51:51,11441.0,22078.0,65263.0,13020.0,18421.0,41353.0
2024-10-14_10:51:51,10127.0,22078.0,65264.0,13000.0,18421.0,41353.0
2024-10-14_10:51:54,9249.0,22078.0,65267.0,9442.0,18421.0,41353.0
2024-10-14_10:51:56,9579.0,22078.0,65267.0,9618.0,18421.0,41353.0
2024-10-14_10:51:57,10573.0,22078.0,65267.0,13035.0,18421.0,41353.0
2024-10-14_10:51:57,10504.0,22078.0,65267.0,12994.0,18421.0,41365.0
2024-10-14_10:51:58,10304.0,22078.0,65268.0,13081.0,18421.0,41366.0
2024-10-14_10:51:59,11374.0,22078.0,65270.0,13009.0,18421.0,41366.0
2024-10-14_10:52:00,10332.0,22078.0,65270.0,13016.0,18421.0,41366.0
2024-10-14_10:52:00,9726.0,22078.0,65273.0,13073.0,18421.0,41366.0
2024-10-14_10:52:01,11246.0,22078.0,65274.0,13012.0,18421.0,41812.0
2024-10-14_10:52:02,10690.0,22078.0,65274.0,13075.0,18421.0,41814.0
2024-10-14_10:52:04,9957.0,22078.0,65276.0,9883.0,18421.0,41814.0
2024-10-14_10:52:05,10457.0,22078.0,65276.0,12985.0,18421.0,41814.0
2024-10-14_10:52:06,11256.0,22078.0,66391.0,13092.0,18421.0,41929.0
2024-10-14_10:52:07,10459.0,22078.0,66393.0,13011.0,18421.0,41929.0
2024-10-14_10:52:09,10651.0,22078.0,66398.0,10315.0,18421.0,41929.0
2024-10-14_10:52:10,10770.0,22079.0,66419.0,13012.0,18421.0,41929.0
2024-10-14_10:52:11,11356.0,22079.0,66420.0,12969.0,18421.0,41929.0
2024-10-14_10:52:23,,,,,,
2024-10-14_10:52:33,17650.0,22079.0,66425.0,14285.0,18421.0,41934.0
2024-10-14_10:52:35,9310.0,22079.0,66433.0,10223.0,18421.0,41934.0
2024-10-14_10:52:36,9616.0,22079.0,66450.0,13022.0,18421.0,41936.0
2024-10-14_10:52:48,,,,,,
2024-10-14_10:52:58,16846.0,22079.0,66456.0,13595.0,18421.0,41943.0
2024-10-14_10:53:00,8471.0,22079.0,66456.0,9522.0,18421.0,41943.0
2024-10-14_10:53:02,8388.0,22079.0,66456.0,9510.0,18421.0,41943.0
2024-10-14_10:53:04,8466.0,22079.0,66456.0,9687.0,18421.0,41943.0
2024-10-14_10:53:06,8514.0,22079.0,66456.0,9652.0,18421.0,41943.0
2024-10-14_10:53:07,9626.0,22079.0,66457.0,12903.0,18421.0,41950.0
2024-10-14_10:53:07,10097.0,22079.0,66457.0,13015.0,18421.0,41950.0
2024-10-14_10:53:09,9325.0,22079.0,66461.0,10391.0,18421.0,41950.0
2024-10-14_10:53:10,10141.0,22079.0,66467.0,13043.0,18421.0,41950.0
2024-10-14_10:53:22,,,,,,
2024-10-14_10:53:31,18162.0,22079.0,66467.0,17033.0,18421.0,41957.0
2024-10-14_10:53:31,10045.0,22079.0,66467.0,13093.0,18421.0,41958.0
2024-10-14_10:53:32,9564.0,22079.0,66467.0,12987.0,18421.0,41958.0
2024-10-14_10:53:34,8542.0,22079.0,66467.0,9801.0,18421.0,41958.0
2024-10-14_10:53:37,8763.0,22079.0,66468.0,9685.0,18421.0,41958.0
2024-10-14_10:53:39,9378.0,22079.0,66468.0,9778.0,18422.0,41962.0
2024-10-14_10:53:41,8645.0,22079.0,66468.0,9725.0,18423.0,41963.0
2024-10-14_10:53:43,9286.0,22079.0,66468.0,10265.0,18423.0,41963.0
2024-10-14_10:53:44,10364.0,22082.0,66474.0,13099.0,18423.0,41963.0
2024-10-14_10:53:44,9821.0,22082.0,66479.0,12987.0,18423.0,41963.0
2024-10-14_10:53:52,10699.0,22082.0,66487.0,13050.0,18423.0,41963.0
2024-10-14_10:53:53,10074.0,22082.0,66497.0,13004.0,18423.0,41975.0
2024-10-14_10:53:55,8719.0,22082.0,66497.0,9663.0,18423.0,41975.0
2024-10-14_10:53:55,10349.0,22082.0,66500.0,13041.0,18423.0,41978.0
2024-10-14_10:53:56,9805.0,22082.0,66508.0,12985.0,18423.0,41978.0
2024-10-14_10:54:08,,,,,,
2024-10-14_10:54:18,17669.0,22082.0,66509.0,14253.0,18423.0,41979.0
2024-10-14_10:54:19,9641.0,22082.0,66509.0,13091.0,18423.0,41979.0
2024-10-14_10:54:21,9323.0,22082.0,66514.0,9996.0,18423.0,41979.0
2024-10-14_10:54:23,9286.0,22082.0,66518.0,10246.0,18423.0,41979.0
2024-10-14_10:54:25,9372.0,22082.0,66518.0,10236.0,18423.0,41979.0
2024-10-14_10:54:26,9940.0,22082.0,66518.0,13016.0,18423.0,41979.0
2024-10-14_10:54:27,10399.0,22082.0,66518.0,13018.0,18423.0,41979.0
2024-10-14_10:54:27,10017.0,22082.0,66518.0,13033.0,18423.0,41979.0
2024-10-14_10:54:28,10483.0,22082.0,66522.0,13005.0,18423.0,41979.0
2024-10-14_10:54:29,10302.0,22082.0,66523.0,13072.0,18423.0,41979.0
2024-10-14_10:54:31,8799.0,22082.0,66523.0,9723.0,18423.0,41979.0
2024-10-14_10:54:31,11692.0,22082.0,66532.0,12966.0,18423.0,41982.0
2024-10-14_10:54:33,8910.0,22082.0,66532.0,9678.0,18423.0,41982.0
2024-10-14_10:54:36,9457.0,22082.0,66536.0,10284.0,18423.0,41982.0
2024-10-14_10:54:36,10245.0,22082.0,66536.0,12984.0,18423.0,41982.0
2024-10-14_10:54:38,9904.0,22082.0,66540.0,9810.0,18423.0,41982.0
2024-10-14_10:54:41,8128.0,22082.0,66622.0,8097.0,18423.0,41982.0
2024-10-14_10:54:43,7627.0,22082.0,66622.0,7986.0,18423.0,41982.0
2024-10-14_10:54:44,10283.0,22082.0,66625.0,12955.0,18423.0,41985.0
2024-10-14_10:54:45,11300.0,22082.0,66625.0,13081.0,18423.0,41985.0
2024-10-14_10:54:46,11330.0,22082.0,66626.0,13025.0,18423.0,41985.0
2024-10-14_10:54:48,10002.0,22082.0,66626.0,9815.0,18423.0,41985.0
2024-10-14_10:54:50,9856.0,22082.0,66626.0,9546.0,18423.0,41985.0
2024-10-14_10:54:52,9887.0,22082.0,66626.0,9722.0,18423.0,41985.0
2024-10-14_10:54:53,10231.0,22082.0,66629.0,13030.0,18423.0,41985.0
2024-10-14_10:54:53,10368.0,22082.0,66652.0,13060.0,18423.0,41985.0
2024-10-14_10:54:56,9844.0,22082.0,66652.0,9844.0,18423.0,41985.0
2024-10-14_10:54:58,8701.0,22082.0,66656.0,8136.0,18423.0,41985.0
2024-10-14_10:55:01,8869.0,22082.0,66659.0,7966.0,18423.0,41985.0
2024-10-14_10:55:02,11140.0,22082.0,66660.0,13012.0,18423.0,41987.0
2024-10-14_10:55:04,10819.0,22082.0,66663.0,10375.0,18423.0,41987.0
2024-10-14_10:55:05,10163.0,22082.0,66663.0,13090.0,18423.0,41987.0
2024-10-14_10:55:17,,,,,,
2024-10-14_10:55:27,17157.0,22082.0,66663.0,13736.0,18424.0,41991.0
2024-10-14_10:55:29,8519.0,22082.0,66665.0,8116.0,18424.0,42118.0
2024-10-14_10:55:32,8629.0,22082.0,66666.0,7933.0,18424.0,42119.0
2024-10-14_10:55:34,8549.0,22082.0,66671.0,7933.0,18424.0,42127.0
2024-10-14_10:55:36,8531.0,22082.0,66671.0,7960.0,18424.0,42127.0
2024-10-14_10:55:38,8391.0,22082.0,66671.0,7921.0,18424.0,42129.0
2024-10-14_10:55:40,8283.0,22082.0,66671.0,7929.0,18424.0,42129.0
2024-10-14_10:55:42,8523.0,22082.0,66672.0,7952.0,18424.0,42129.0
2024-10-14_10:55:44,10068.0,22082.0,66676.0,10236.0,18424.0,42129.0
2024-10-14_10:55:45,10063.0,22082.0,66676.0,13072.0,18424.0,42136.0
2024-10-14_10:55:57,,,,,,
2024-10-14_10:56:07,17176.0,22083.0,66681.0,11988.0,18424.0,42246.0
2024-10-14_10:56:08,9585.0,22083.0,66684.0,13117.0,18424.0,42398.0
2024-10-14_10:56:09,11231.0,22083.0,66688.0,13042.0,18424.0,42399.0
2024-10-14_10:56:09,10335.0,22083.0,66689.0,13052.0,18424.0,42399.0
2024-10-14_10:56:12,9312.0,22083.0,66701.0,10396.0,18424.0,42399.0
2024-10-14_10:56:14,8614.0,22083.0,66701.0,8106.0,18424.0,42399.0
2024-10-14_10:56:14,10369.0,22083.0,66704.0,13051.0,18424.0,42399.0
2024-10-14_10:56:15,10660.0,22083.0,66723.0,13078.0,18424.0,42399.0
2024-10-14_10:56:16,10356.0,22083.0,66723.0,12999.0,18424.0,42399.0
2024-10-14_10:56:18,8570.0,22083.0,66723.0,9882.0,18424.0,42399.0
2024-10-14_10:56:20,8827.0,22084.0,66729.0,8093.0,18424.0,42399.0
2024-10-14_10:56:22,8924.0,22084.0,66732.0,7980.0,18424.0,42399.0
2024-10-14_10:56:24,9488.0,22084.0,66732.0,9723.0,18424.0,42399.0
2024-10-14_10:56:25,10335.0,22084.0,66733.0,13012.0,18424.0,42400.0
2024-10-14_10:56:27,9887.0,22084.0,66733.0,9691.0,18424.0,42400.0
2024-10-14_10:56:30,8933.0,22084.0,66739.0,9656.0,18424.0,42427.0
2024-10-14_10:56:32,10528.0,22084.0,66751.0,10262.0,18424.0,42427.0
2024-10-14_10:56:32,9586.0,22084.0,66752.0,13005.0,18424.0,42427.0
2024-10-14_10:56:35,10165.0,22084.0,66769.0,9795.0,18424.0,42427.0
2024-10-14_10:56:37,9380.0,22084.0,66769.0,10237.0,18424.0,42427.0
2024-10-14_10:56:38,10287.0,22084.0,66770.0,13057.0,18424.0,42427.0
2024-10-14_10:56:40,10659.0,22084.0,66771.0,10357.0,18424.0,42427.0
2024-10-14_10:56:41,11332.0,22084.0,66773.0,13031.0,18424.0,42427.0
2024-10-14_10:56:43,10470.0,22084.0,66773.0,10409.0,18424.0,42427.0
2024-10-14_10:56:45,9639.0,22084.0,66773.0,9616.0,18424.0,42427.0
2024-10-14_10:56:47,9310.0,22084.0,66775.0,9840.0,18424.0,42427.0
2024-10-14_10:56:47,10967.0,22084.0,66777.0,13036.0,18424.0,42428.0
2024-10-14_10:56:50,9485.0,22084.0,66777.0,10386.0,18424.0,42428.0
2024-10-14_10:56:50,10624.0,22086.0,66780.0,12949.0,18424.0,42431.0
2024-10-14_10:56:51,10533.0,22086.0,67389.0,13082.0,18424.0,42468.0
2024-10-14_10:56:52,10298.0,22086.0,67390.0,13008.0,18424.0,42468.0
2024-10-14_10:56:54,8833.0,22086.0,67390.0,9815.0,18424.0,42474.0
2024-10-14_10:56:55,11414.0,22086.0,67391.0,13047.0,18424.0,42474.0
2024-10-14_10:56:57,9192.0,22086.0,67393.0,8199.0,18424.0,42474.0
2024-10-14_10:57:00,9737.0,22086.0,67398.0,9667.0,18424.0,42474.0
2024-10-14_10:57:02,10229.0,22086.0,67405.0,12323.0,18424.0,42481.0
2024-10-14_10:57:04,10709.0,22086.0,67407.0,10328.0,18424.0,42481.0
2024-10-14_10:57:06,9973.0,22086.0,67407.0,9820.0,18424.0,42481.0
2024-10-14_10:57:07,10105.0,22086.0,67407.0,13051.0,18424.0,42481.0
2024-10-14_10:57:09,10556.0,22086.0,67408.0,10317.0,18424.0,42481.0
2024-10-14_10:57:11,10467.0,22086.0,67410.0,10271.0,18424.0,42481.0
2024-10-14_10:57:13,9132.0,22086.0,67412.0,8128.0,18424.0,42481.0
2024-10-14_10:57:15,9641.0,22086.0,67412.0,9786.0,18424.0,42481.0
2024-10-14_10:57:16,10551.0,22086.0,67413.0,13046.0,18424.0,42481.0
2024-10-14_10:57:18,7976.0,22086.0,67414.0,9464.0,18424.0,42481.0
2024-10-14_10:57:19,10305.0,22086.0,67414.0,13015.0,18424.0,42481.0
2024-10-14_10:57:21,10036.0,22086.0,67441.0,9810.0,18424.0,42482.0
2024-10-14_10:57:22,9761.0,22086.0,67443.0,13027.0,18424.0,42482.0
2024-10-14_10:57:23,10205.0,22086.0,67444.0,13074.0,18424.0,42482.0
2024-10-14_10:57:23,10312.0,22086.0,67459.0,13117.0,18424.0,42482.0
2024-10-14_10:57:26,8864.0,22086.0,67460.0,9831.0,18424.0,42482.0
2024-10-14_10:57:26,9839.0,22086.0,67460.0,13000.0,18424.0,42482.0
2024-10-14_10:57:27,10536.0,22086.0,67460.0,13018.0,18424.0,42482.0
2024-10-14_10:57:28,11404.0,22086.0,67462.0,13092.0,18424.0,42482.0
2024-10-14_10:57:28,10330.0,22086.0,67495.0,13080.0,18424.0,42486.0
2024-10-14_10:57:31,9859.0,22086.0,67510.0,9764.0,18424.0,42486.0
2024-10-14_10:57:33,10100.0,22086.0,67510.0,9773.0,18424.0,42486.0
2024-10-14_10:57:36,10048.0,22086.0,67511.0,9660.0,18424.0,42486.0
2024-10-14_10:57:37,11598.0,22086.0,67533.0,13044.0,18424.0,42486.0
2024-10-14_10:57:39,9816.0,22086.0,67560.0,9714.0,18424.0,42486.0
2024-10-14_10:57:42,9962.0,22086.0,67564.0,9726.0,18424.0,42486.0
2024-10-14_10:57:44,10039.0,22086.0,67568.0,9706.0,18424.0,42486.0
2024-10-14_10:57:45,10383.0,22086.0,67569.0,13048.0,18424.0,42486.0
2024-10-14_10:57:45,10466.0,22086.0,67569.0,13076.0,18424.0,42486.0
2024-10-14_10:57:46,10988.0,22086.0,67570.0,12791.0,18424.0,42488.0
2024-10-14_10:57:47,11273.0,22086.0,67570.0,13065.0,18424.0,42488.0
2024-10-14_10:57:49,10105.0,22089.0,67575.0,9823.0,18424.0,42488.0
2024-10-14_10:57:50,11277.0,22089.0,67578.0,13041.0,18424.0,42488.0
2024-10-14_10:57:50,10380.0,22089.0,67580.0,13053.0,18424.0,42488.0
2024-10-14_10:57:53,9942.0,22089.0,67581.0,9811.0,18424.0,42488.0
2024-10-14_10:57:55,10639.0,22089.0,67582.0,10273.0,18424.0,42488.0
2024-10-14_10:57:55,9880.0,22089.0,67582.0,12976.0,18424.0,42488.0
2024-10-14_10:57:56,10200.0,22089.0,67583.0,13065.0,18424.0,42488.0
2024-10-14_10:57:57,11418.0,22089.0,67583.0,13066.0,18424.0,42488.0
2024-10-14_10:57:57,11486.0,22089.0,67584.0,13016.0,18424.0,42490.0
2024-10-14_10:58:00,9636.0,22089.0,67584.0,12437.0,18424.0,42490.0
2024-10-14_10:58:00,10325.0,22089.0,67586.0,13042.0,18424.0,42490.0
2024-10-14_10:58:01,10197.0,22089.0,67586.0,12996.0,18424.0,42490.0
2024-10-14_10:58:03,9844.0,22089.0,67586.0,9696.0,18424.0,42495.0
2024-10-14_10:58:06,8704.0,22089.0,67586.0,9581.0,18424.0,42495.0
2024-10-14_10:58:07,10293.0,22089.0,67586.0,13056.0,18424.0,42495.0
2024-10-14_10:58:07,9648.0,22089.0,67586.0,12982.0,18424.0,42495.0
2024-10-14_10:58:09,10299.0,22089.0,67586.0,10353.0,18424.0,42520.0
2024-10-14_10:58:11,11348.0,22089.0,67611.0,12997.0,18424.0,42520.0
2024-10-14_10:58:11,11393.0,22090.0,67616.0,13010.0,18424.0,42520.0
2024-10-14_10:58:14,9976.0,22090.0,67619.0,9640.0,18424.0,42520.0
2024-10-14_10:58:16,9978.0,22090.0,67621.0,9687.0,18424.0,42551.0
2024-10-14_10:58:18,9820.0,22090.0,67622.0,9571.0,18424.0,42551.0
2024-10-14_10:58:21,10099.0,22090.0,67623.0,9697.0,18424.0,42551.0
2024-10-14_10:58:23,9819.0,22090.0,67626.0,9529.0,18424.0,42551.0
2024-10-14_10:58:26,9847.0,22090.0,67738.0,9638.0,18424.0,42551.0
2024-10-14_10:58:28,10307.0,22090.0,67738.0,10233.0,18424.0,42551.0
2024-10-14_10:58:30,10536.0,22090.0,67738.0,10272.0,18424.0,42551.0
2024-10-14_10:58:32,10326.0,22090.0,67738.0,10264.0,18424.0,42551.0
2024-10-14_10:58:34,10585.0,22090.0,67738.0,10223.0,18424.0,42551.0
2024-10-14_10:58:36,9765.0,22090.0,67742.0,9784.0,18424.0,42551.0
2024-10-14_10:58:38,10348.0,22090.0,67748.0,10295.0,18424.0,42551.0
2024-10-14_10:58:39,10265.0,22090.0,67751.0,13028.0,18424.0,42555.0
2024-10-14_10:58:40,10151.0,22090.0,67781.0,12999.0,18424.0,42555.0
2024-10-14_10:58:40,9849.0,22090.0,67781.0,13052.0,18424.0,42555.0
2024-10-14_10:58:43,10004.0,22090.0,67783.0,9808.0,18424.0,42555.0
2024-10-14_10:58:44,10451.0,22090.0,67787.0,12994.0,18424.0,42555.0
2024-10-14_10:58:56,,,,,,
2024-10-14_10:59:06,16565.0,22090.0,67808.0,13357.0,18424.0,42571.0
2024-10-14_10:59:06,10475.0,22090.0,67809.0,13084.0,18424.0,42571.0
2024-10-14_10:59:07,10086.0,22090.0,67809.0,13025.0,18424.0,42571.0
2024-10-14_10:59:09,8577.0,22090.0,67813.0,9486.0,18424.0,42571.0
2024-10-14_10:59:10,10477.0,22090.0,67813.0,13031.0,18424.0,42572.0
2024-10-14_10:59:11,9648.0,22090.0,67813.0,12983.0,18424.0,42572.0
2024-10-14_10:59:13,8534.0,22090.0,67813.0,9452.0,18424.0,42572.0
2024-10-14_10:59:15,8497.0,22090.0,67908.0,9581.0,18424.0,42611.0
2024-10-14_10:59:17,8128.0,22090.0,67908.0,9368.0,18424.0,42611.0
2024-10-14_10:59:19,9359.0,22090.0,67908.0,9330.0,18424.0,42611.0
2024-10-14_10:59:20,9608.0,22090.0,67915.0,13074.0,18424.0,42611.0
2024-10-14_10:59:22,9624.0,22090.0,67915.0,9667.0,18424.0,42611.0
2024-10-14_10:59:24,10390.0,22090.0,67915.0,10240.0,18424.0,42611.0
2024-10-14_10:59:24,10845.0,22090.0,67915.0,13003.0,18424.0,42611.0
2024-10-14_10:59:26,8617.0,22090.0,67915.0,9666.0,18424.0,42612.0
2024-10-14_10:59:29,9358.0,22090.0,67915.0,9374.0,18424.0,42612.0
2024-10-14_10:59:29,10396.0,22090.0,67915.0,13030.0,18424.0,42612.0
2024-10-14_10:59:30,11349.0,22090.0,67916.0,13071.0,18424.0,42612.0
2024-10-14_10:59:32,8771.0,22090.0,67916.0,9686.0,18424.0,42612.0
2024-10-14_10:59:34,8683.0,22090.0,67916.0,9646.0,18424.0,42612.0
2024-10-14_10:59:37,10016.0,22090.0,67925.0,9642.0,18424.0,42612.0
2024-10-14_10:59:39,9760.0,22091.0,67930.0,9618.0,18424.0,42617.0
2024-10-14_10:59:40,10603.0,22091.0,67932.0,13050.0,18424.0,42617.0
2024-10-14_10:59:42,8677.0,22091.0,67932.0,9668.0,18424.0,42617.0
2024-10-14_10:59:44,9931.0,22091.0,67933.0,9648.0,18424.0,42617.0
2024-10-14_10:59:45,11241.0,22091.0,67935.0,12965.0,18424.0,42617.0
2024-10-14_10:59:47,9949.0,22091.0,67935.0,9813.0,18424.0,42617.0
2024-10-14_10:59:48,11353.0,22091.0,67935.0,12962.0,18424.0,42617.0
2024-10-14_10:59:48,10038.0,22091.0,67935.0,13051.0,18424.0,42617.0
2024-10-14_10:59:50,9947.0,22091.0,67935.0,9695.0,18424.0,42617.0
2024-10-14_10:59:51,10535.0,22091.0,67936.0,12979.0,18424.0,42617.0
2024-10-14_10:59:52,10711.0,22091.0,67936.0,13064.0,18424.0,42617.0
2024-10-14_10:59:53,11566.0,22091.0,67937.0,12983.0,18424.0,42620.0
2024-10-14_10:59:55,8598.0,22091.0,67937.0,9677.0,18424.0,42620.0
2024-10-14_10:59:57,9828.0,22091.0,67937.0,9656.0,18424.0,42620.0
2024-10-14_10:59:58,11267.0,22144.0,67990.0,13052.0,18424.0,42629.0
2024-10-14_11:00:00,9801.0,22144.0,67990.0,9710.0,18424.0,42629.0
2024-10-14_11:00:03,9655.0,22144.0,67990.0,10234.0,18424.0,42629.0
2024-10-14_11:00:03,11226.0,22144.0,67994.0,12997.0,18424.0,42629.0
2024-10-14_11:00:04,10468.0,22144.0,67994.0,13062.0,18424.0,42629.0
2024-10-14_11:00:16,,,,,,
2024-10-14_11:00:25,18564.0,22144.0,67994.0,17032.0,18424.0,42630.0
2024-10-14_11:00:25,11255.0,22144.0,67996.0,13058.0,18424.0,42633.0
2024-10-14_11:00:26,10238.0,22144.0,68001.0,13035.0,18424.0,42633.0
2024-10-14_11:00:27,9578.0,22144.0,68001.0,13026.0,18424.0,42633.0
2024-10-14_11:00:27,10225.0,22144.0,68001.0,13017.0,18424.0,42633.0
2024-10-14_11:00:28,9848.0,22144.0,68001.0,13058.0,18424.0,42633.0
2024-10-14_11:00:30,9506.0,22144.0,68003.0,10344.0,18424.0,42633.0
2024-10-14_11:00:31,10210.0,22144.0,68003.0,13043.0,18424.0,42633.0
2024-10-14_11:00:31,10211.0,22144.0,68003.0,13018.0,18424.0,42633.0
2024-10-14_11:00:33,9503.0,22144.0,68003.0,10380.0,18424.0,42633.0
2024-10-14_11:00:35,8585.0,22144.0,68003.0,9809.0,18424.0,42633.0
2024-10-14_11:00:36,10325.0,22144.0,68003.0,12963.0,18424.0,42633.0
2024-10-14_11:01:00,,,,,,
2024-10-14_11:01:09,18319.0,22144.0,69119.0,17199.0,18425.0,42710.0
2024-10-14_11:01:21,,,,,,
2024-10-14_11:01:31,16936.0,22144.0,69119.0,13734.0,18425.0,42710.0
2024-10-14_11:01:32,9537.0,22144.0,69119.0,13060.0,18425.0,42710.0
2024-10-14_11:01:33,10437.0,22144.0,69119.0,13012.0,18425.0,42710.0
2024-10-14_11:01:35,8707.0,22144.0,69119.0,9641.0,18425.0,42710.0
2024-10-14_11:01:37,8495.0,22144.0,69119.0,9551.0,18425.0,42710.0
2024-10-14_11:01:37,10223.0,22144.0,69124.0,13007.0,18425.0,42710.0
2024-10-14_11:01:50,,,,,,
2024-10-14_11:01:59,16937.0,22144.0,69124.0,13710.0,18425.0,42711.0
2024-10-14_11:02:02,8482.0,22144.0,69124.0,9668.0,18425.0,42711.0
2024-10-14_11:02:02,9997.0,22144.0,69124.0,13053.0,18425.0,42711.0
2024-10-14_11:02:03,10291.0,22144.0,69124.0,13003.0,18425.0,42711.0
2024-10-14_11:02:15,,,,,,
2024-10-14_11:02:25,16956.0,22144.0,69124.0,13703.0,18425.0,42712.0
2024-10-14_11:02:27,8551.0,22144.0,69124.0,9762.0,18425.0,42712.0
2024-10-14_11:02:29,8415.0,22144.0,69128.0,8098.0,18426.0,42713.0
2024-10-14_11:02:31,8355.0,22144.0,69128.0,7931.0,18426.0,42713.0
2024-10-14_11:02:34,9602.0,22144.0,69128.0,9654.0,18426.0,42713.0
2024-10-14_11:02:36,8513.0,22144.0,69128.0,8092.0,18426.0,42713.0
2024-10-14_11:02:36,10415.0,22144.0,69128.0,13052.0,18426.0,42713.0
2024-10-14_11:02:38,9122.0,22144.0,69128.0,8252.0,18426.0,42713.0
2024-10-14_11:02:39,10134.0,22144.0,69128.0,12998.0,18426.0,42713.0
2024-10-14_11:02:41,9551.0,22144.0,69128.0,9865.0,18426.0,42713.0
2024-10-14_11:02:42,9712.0,22144.0,69128.0,13000.0,18426.0,42716.0
2024-10-14_11:02:44,8967.0,22144.0,69128.0,8359.0,18426.0,42716.0
2024-10-14_11:02:45,9741.0,22144.0,69128.0,13074.0,18426.0,42716.0
2024-10-14_11:02:47,9458.0,22144.0,69128.0,9798.0,18426.0,42716.0
2024-10-14_11:02:49,9672.0,22144.0,69128.0,9720.0,18426.0,42716.0
2024-10-14_11:02:51,9516.0,22144.0,69128.0,9719.0,18426.0,42716.0
2024-10-14_11:02:52,9671.0,22144.0,69128.0,13041.0,18426.0,42716.0
2024-10-14_11:02:53,10335.0,22144.0,69128.0,13051.0,18426.0,42716.0
2024-10-14_11:02:53,10235.0,22144.0,69128.0,13018.0,18426.0,42716.0
2024-10-14_11:03:05,,,,,,
2024-10-14_11:03:14,18561.0,22144.0,69128.0,17033.0,18426.0,42716.0
2024-10-14_11:03:16,9752.0,22144.0,69128.0,9841.0,18426.0,42716.0
2024-10-14_11:03:18,8495.0,22144.0,69128.0,9679.0,18426.0,42716.0
2024-10-14_11:03:19,10315.0,22144.0,69128.0,13051.0,18426.0,42716.0
2024-10-14_11:03:21,8557.0,22144.0,69128.0,9830.0,18426.0,42716.0
2024-10-14_11:03:21,10169.0,22144.0,69128.0,12966.0,18426.0,42719.0
2024-10-14_11:03:22,9752.0,22144.0,69128.0,13038.0,18426.0,42719.0
2024-10-14_11:03:24,8578.0,22144.0,69128.0,9815.0,18426.0,42719.0
2024-10-14_11:03:25,10244.0,22144.0,69128.0,12990.0,18426.0,42719.0
2024-10-14_11:03:37,,,,,,
2024-10-14_11:03:45,18196.0,22144.0,69128.0,17033.0,18426.0,42719.0
2024-10-14_11:03:46,10450.0,22144.0,69163.0,13095.0,18426.0,42719.0
2024-10-14_11:03:47,10111.0,22144.0,69163.0,13023.0,18426.0,42719.0
2024-10-14_11:03:49,9444.0,22144.0,69163.0,10341.0,18426.0,42719.0
2024-10-14_11:03:50,9626.0,22144.0,69163.0,13014.0,18426.0,42719.0
2024-10-14_11:03:50,10564.0,22144.0,69163.0,13005.0,18426.0,42719.0
2024-10-14_11:03:51,10347.0,22144.0,69163.0,13066.0,18426.0,42719.0
2024-10-14_11:03:53,8670.0,22144.0,69163.0,9901.0,18426.0,42719.0
2024-10-14_11:03:54,9828.0,22144.0,69163.0,13037.0,18426.0,42719.0
2024-10-14_11:03:54,10614.0,22144.0,69167.0,12997.0,18426.0,42719.0
2024-10-14_11:03:55,10217.0,22144.0,69167.0,13085.0,18426.0,42719.0
2024-10-14_11:03:56,9981.0,22144.0,69171.0,12981.0,18426.0,42719.0
2024-10-14_11:03:58,9005.0,22144.0,69171.0,9657.0,18426.0,42719.0
2024-10-14_11:03:58,11139.0,22144.0,69171.0,12975.0,18426.0,42719.0
2024-10-14_11:04:00,8751.0,22144.0,69172.0,9705.0,18426.0,42719.0
2024-10-14_11:04:02,8700.0,22144.0,69173.0,9726.0,18426.0,42719.0
2024-10-14_11:04:03,10441.0,22144.0,69175.0,12996.0,18426.0,42719.0
2024-10-14_11:04:05,9921.0,22144.0,69175.0,9653.0,18426.0,42719.0
2024-10-14_11:04:06,10564.0,22144.0,69179.0,13042.0,18426.0,42723.0
2024-10-14_11:04:07,10069.0,22144.0,69179.0,12977.0,18426.0,42723.0
2024-10-14_11:04:07,11786.0,22144.0,69180.0,13064.0,18426.0,42723.0
2024-10-14_11:04:08,11865.0,22147.0,69184.0,13061.0,18426.0,42723.0
2024-10-14_11:04:11,9717.0,22147.0,69184.0,10386.0,18426.0,42723.0
2024-10-14_11:04:13,9874.0,22147.0,69184.0,9653.0,18426.0,42723.0
2024-10-14_11:04:13,11590.0,22150.0,69187.0,13033.0,18426.0,42723.0
2024-10-14_11:04:14,10627.0,22150.0,69221.0,12936.0,18426.0,43030.0
2024-10-14_11:04:15,10530.0,22150.0,69223.0,13080.0,18426.0,43030.0
2024-10-14_11:04:16,10525.0,22150.0,69232.0,12987.0,18426.0,43030.0
2024-10-14_11:04:17,11464.0,22150.0,69233.0,13055.0,18426.0,43033.0
2024-10-14_11:04:18,10949.0,22150.0,69233.0,13054.0,18426.0,43033.0
2024-10-14_11:04:18,10753.0,22150.0,69233.0,13007.0,18426.0,43033.0
2024-10-14_11:04:19,10301.0,22150.0,69252.0,13066.0,18426.0,43033.0
2024-10-14_11:04:22,9969.0,22150.0,69253.0,9766.0,18426.0,43033.0
2024-10-14_11:04:24,9782.0,22150.0,69304.0,9675.0,18426.0,43033.0
2024-10-14_11:04:25,11446.0,22150.0,69306.0,13037.0,18426.0,43033.0
2024-10-14_11:04:37,,,,,,
2024-10-14_11:04:46,18234.0,22150.0,69306.0,17038.0,18426.0,43033.0
2024-10-14_11:04:47,10211.0,22150.0,69306.0,13086.0,18426.0,43033.0
2024-10-14_11:04:47,10242.0,22150.0,69306.0,12998.0,18426.0,43033.0
2024-10-14_11:04:48,10085.0,22150.0,69306.0,13016.0,18426.0,43033.0
2024-10-14_11:04:50,8645.0,22150.0,69306.0,9488.0,18426.0,43033.0
2024-10-14_11:04:50,10461.0,22150.0,69306.0,13066.0,18426.0,43033.0
2024-10-14_11:04:51,9869.0,22150.0,69306.0,12982.0,18426.0,43033.0
2024-10-14_11:04:52,10326.0,22150.0,69306.0,13079.0,18426.0,43033.0
2024-10-14_11:04:52,10493.0,22150.0,69306.0,13016.0,18426.0,43033.0
2024-10-14_11:04:53,9918.0,22150.0,69306.0,13027.0,18426.0,43033.0
2024-10-14_11:04:53,10655.0,22150.0,69306.0,12969.0,18426.0,43033.0
2024-10-14_11:04:54,10125.0,22150.0,69309.0,13024.0,18426.0,43100.0
2024-10-14_11:04:56,8788.0,22150.0,69309.0,9803.0,18426.0,43100.0
2024-10-14_11:04:57,9821.0,22150.0,69312.0,12963.0,18426.0,43100.0
2024-10-14_11:05:09,,,,,,
2024-10-14_11:05:18,18333.0,22150.0,69312.0,17055.0,18426.0,43100.0
2024-10-14_11:05:30,,,,,,
2024-10-14_11:05:39,18563.0,22150.0,69312.0,17039.0,18426.0,43101.0
2024-10-14_11:05:39,11258.0,22150.0,69313.0,13084.0,18426.0,43101.0
2024-10-14_11:05:41,8532.0,22150.0,69325.0,9470.0,18426.0,43101.0
2024-10-14_11:05:42,10102.0,22150.0,69325.0,13027.0,18426.0,43101.0
2024-10-14_11:05:43,9853.0,22150.0,69325.0,12985.0,18426.0,43101.0
2024-10-14_11:05:43,10316.0,22150.0,69325.0,13061.0,18426.0,43101.0
2024-10-14_11:05:44,9797.0,22150.0,69325.0,12990.0,18426.0,43105.0
2024-10-14_11:05:46,8682.0,22150.0,69339.0,9501.0,18426.0,43105.0
2024-10-14_11:05:47,9660.0,22150.0,69339.0,13021.0,18426.0,43105.0
2024-10-14_11:05:47,10410.0,22150.0,69339.0,12993.0,18426.0,43105.0
2024-10-14_11:05:48,10086.0,22150.0,69417.0,13067.0,18426.0,43105.0
2024-10-14_11:05:49,10471.0,22150.0,69417.0,12996.0,18426.0,43105.0
2024-10-14_11:05:49,10404.0,22150.0,69417.0,13065.0,18426.0,43105.0
2024-10-14_11:05:51,8315.0,22150.0,69417.0,9464.0,18426.0,43105.0
2024-10-14_11:05:52,11240.0,22150.0,69419.0,12989.0,18426.0,43129.0
2024-10-14_11:05:53,11533.0,22154.0,69428.0,13077.0,18426.0,43133.0
2024-10-14_11:05:54,10076.0,22154.0,69428.0,12990.0,18426.0,43169.0
2024-10-14_11:05:54,10411.0,22154.0,69428.0,13058.0,18426.0,43169.0
2024-10-14_11:05:55,10470.0,22154.0,69428.0,13013.0,18426.0,43169.0
2024-10-14_11:05:56,9884.0,22154.0,69428.0,13057.0,18426.0,43169.0
2024-10-14_11:05:57,10458.0,22154.0,69429.0,13068.0,18426.0,43169.0
2024-10-14_11:05:57,10607.0,22154.0,69429.0,13018.0,18426.0,43169.0
2024-10-14_11:05:58,11453.0,22154.0,69429.0,13057.0,18426.0,43169.0
2024-10-14_11:06:02,8535.0,22154.0,69430.0,8404.0,18426.0,43169.0
2024-10-14_11:06:03,11381.0,22154.0,69431.0,12997.0,18426.0,43169.0
2024-10-14_11:06:04,11184.0,22156.0,69555.0,13088.0,18427.0,43170.0
2024-10-14_11:06:06,10599.0,22156.0,69556.0,10344.0,18427.0,43170.0
2024-10-14_11:06:07,10624.0,22156.0,69556.0,13058.0,18427.0,43170.0
2024-10-14_11:06:08,11376.0,22156.0,69567.0,13056.0,18427.0,43170.0
2024-10-14_11:06:10,9987.0,22156.0,69574.0,9525.0,18427.0,43170.0
2024-10-14_11:06:11,10374.0,22156.0,69575.0,13066.0,18427.0,43170.0
2024-10-14_11:06:11,10741.0,22156.0,69807.0,13048.0,18427.0,43170.0
2024-10-14_11:06:13,9692.0,22156.0,69807.0,9482.0,18427.0,43170.0
2024-10-14_11:06:14,10377.0,22156.0,69809.0,13043.0,18427.0,43170.0
2024-10-14_11:06:15,11603.0,22156.0,69811.0,12992.0,18427.0,43170.0
2024-10-14_11:06:16,11233.0,22156.0,69811.0,13087.0,18427.0,43170.0
2024-10-14_11:06:17,11864.0,22156.0,69813.0,13066.0,18427.0,43265.0
2024-10-14_11:06:17,11403.0,22156.0,69813.0,13014.0,18427.0,43265.0
2024-10-14_11:06:20,11621.0,22156.0,69813.0,13019.0,18427.0,43266.0
2024-10-14_11:06:22,10222.0,22156.0,69814.0,9620.0,18427.0,43266.0
2024-10-14_11:06:23,10527.0,22156.0,69814.0,13023.0,18427.0,43266.0
2024-10-14_11:06:24,10178.0,22156.0,69814.0,12998.0,18427.0,43266.0
2024-10-14_11:06:26,10914.0,22156.0,69814.0,10385.0,18427.0,43266.0
2024-10-14_11:06:27,9968.0,22156.0,69816.0,13041.0,18427.0,43266.0
2024-10-14_11:06:29,10874.0,22156.0,69816.0,10373.0,18427.0,43266.0
2024-10-14_11:06:30,10415.0,22156.0,69842.0,12979.0,18427.0,43266.0
2024-10-14_11:06:30,11457.0,22156.0,69847.0,13088.0,18427.0,43267.0
2024-10-14_11:06:31,10506.0,22156.0,69847.0,13014.0,18427.0,43268.0
2024-10-14_11:06:43,,,,,,
2024-10-14_11:06:52,18197.0,22156.0,69855.0,17073.0,18427.0,43271.0
2024-10-14_11:06:54,8503.0,22156.0,69855.0,9857.0,18427.0,43271.0
2024-10-14_11:06:55,10178.0,22156.0,69855.0,12997.0,18427.0,43272.0
2024-10-14_11:07:07,,,,,,
2024-10-14_11:07:16,18471.0,22156.0,69855.0,17034.0,18427.0,43272.0
2024-10-14_11:07:16,11222.0,22156.0,69855.0,13055.0,18427.0,43272.0
2024-10-14_11:07:18,9386.0,22156.0,69855.0,10336.0,18427.0,43272.0
2024-10-14_11:07:19,10123.0,22156.0,69855.0,13014.0,18427.0,43272.0
2024-10-14_11:07:31,,,,,,
2024-10-14_11:07:41,16869.0,22156.0,69855.0,13596.0,18427.0,43272.0
2024-10-14_11:07:42,9652.0,22156.0,69855.0,13095.0,18427.0,43272.0
2024-10-14_11:07:43,10304.0,22156.0,69855.0,13008.0,18427.0,43272.0
2024-10-14_11:07:43,10193.0,22156.0,69856.0,13114.0,18427.0,43272.0
2024-10-14_11:07:44,9634.0,22156.0,69856.0,12962.0,18427.0,43272.0
2024-10-14_11:07:47,10289.0,22156.0,69871.0,12992.0,18427.0,43274.0
2024-10-14_11:07:47,10078.0,22156.0,69871.0,12950.0,18427.0,43274.0
2024-10-14_11:07:49,9363.0,22156.0,69871.0,10324.0,18427.0,43274.0
2024-10-14_11:07:50,9840.0,22156.0,69871.0,12978.0,18427.0,43275.0
2024-10-14_11:07:59,9487.0,22156.0,69876.0,10289.0,18427.0,43275.0
2024-10-14_11:08:01,8571.0,22156.0,69877.0,8135.0,18427.0,43275.0
2024-10-14_11:08:02,9734.0,22156.0,69878.0,13011.0,18427.0,43275.0
2024-10-14_11:08:14,,,,,,
2024-10-14_11:08:24,16936.0,22156.0,69878.0,13798.0,18427.0,43275.0
2024-10-14_11:08:25,9890.0,22156.0,69878.0,13091.0,18427.0,43275.0
2024-10-14_11:08:27,9289.0,22156.0,69878.0,10343.0,18427.0,43275.0
2024-10-14_11:08:28,9561.0,22156.0,69878.0,12961.0,18427.0,43275.0
2024-10-14_11:08:30,9303.0,22156.0,69878.0,10390.0,18427.0,43275.0
2024-10-14_11:08:30,10113.0,22156.0,69878.0,12998.0,18427.0,43275.0
2024-10-14_11:08:31,9693.0,22156.0,69878.0,13013.0,18427.0,43275.0
2024-10-14_11:08:43,,,,,,
2024-10-14_11:08:52,18177.0,22156.0,69878.0,17035.0,18427.0,43275.0
2024-10-14_11:08:53,10130.0,22156.0,69878.0,13064.0,18427.0,43276.0
2024-10-14_11:09:05,,,,,,
2024-10-14_11:09:13,18303.0,22156.0,69878.0,17038.0,18427.0,43278.0
2024-10-14_11:09:21,10157.0,22156.0,69889.0,13055.0,18427.0,43278.0
2024-10-14_11:09:23,8134.0,22156.0,69889.0,9501.0,18427.0,43278.0
2024-10-14_11:09:25,8625.0,22156.0,69889.0,9677.0,18427.0,43278.0
2024-10-14_11:09:27,9286.0,22156.0,69889.0,10222.0,18427.0,43278.0
2024-10-14_11:09:28,10126.0,22156.0,69889.0,12994.0,18427.0,43278.0
2024-10-14_11:09:29,10070.0,22156.0,69889.0,13021.0,18427.0,43278.0
2024-10-14_11:09:41,,,,,,
2024-10-14_11:09:50,18232.0,22156.0,69889.0,17039.0,18427.0,43278.0
2024-10-14_11:09:52,9402.0,22156.0,69889.0,10366.0,18427.0,43278.0
2024-10-14_11:09:52,10141.0,22156.0,69890.0,12999.0,18427.0,43278.0
2024-10-14_11:09:53,9683.0,22156.0,69890.0,13021.0,18427.0,43278.0
2024-10-14_11:10:05,,,,,,
2024-10-14_11:10:14,18199.0,22156.0,69890.0,17035.0,18427.0,43278.0
2024-10-14_11:10:26,,,,,,
2024-10-14_11:10:36,16959.0,22156.0,69890.0,13669.0,18427.0,43281.0
2024-10-14_11:10:38,9261.0,22156.0,69890.0,10193.0,18427.0,43281.0
2024-10-14_11:10:39,9595.0,22156.0,69890.0,13051.0,18427.0,43281.0
2024-10-14_11:10:39,10280.0,22156.0,69890.0,13021.0,18427.0,43281.0
2024-10-14_11:10:41,8591.0,22156.0,69890.0,9738.0,18427.0,43281.0
2024-10-14_11:10:42,10476.0,22156.0,69890.0,12965.0,18427.0,43281.0
2024-10-14_11:10:42,9614.0,22156.0,69890.0,13032.0,18427.0,43281.0
2024-10-14_11:10:44,8699.0,22156.0,69890.0,9770.0,18427.0,43281.0
2024-10-14_11:10:45,10327.0,22156.0,69890.0,12991.0,18427.0,43281.0
2024-10-14_11:10:57,,,,,,
2024-10-14_11:11:07,17662.0,22156.0,69890.0,14253.0,18427.0,43281.0
2024-10-14_11:11:09,9145.0,22156.0,69890.0,10162.0,18427.0,43281.0
2024-10-14_11:11:11,8512.0,22156.0,69890.0,9775.0,18427.0,43281.0
2024-10-14_11:11:13,8558.0,22156.0,69890.0,9590.0,18427.0,43281.0
2024-10-14_11:11:14,9509.0,22156.0,69890.0,12979.0,18427.0,43283.0
2024-10-14_11:11:16,8586.0,22156.0,69890.0,9765.0,18427.0,43283.0
2024-10-14_11:11:17,10098.0,22156.0,69890.0,12991.0,18427.0,43283.0
2024-10-14_11:11:17,10110.0,22156.0,69890.0,13082.0,18427.0,43283.0
2024-10-14_11:11:18,9642.0,22156.0,69890.0,13006.0,18427.0,43283.0
2024-10-14_11:11:20,9632.0,22156.0,69890.0,9686.0,18427.0,43283.0
2024-10-14_11:11:22,9324.0,22156.0,69890.0,10242.0,18427.0,43283.0
2024-10-14_11:11:25,10358.0,22156.0,69890.0,13000.0,18427.0,43283.0
2024-10-14_11:11:26,10185.0,22156.0,69890.0,13045.0,18427.0,43283.0
2024-10-14_11:11:26,9847.0,22156.0,69890.0,12982.0,18427.0,43283.0
2024-10-14_11:11:28,9336.0,22156.0,69890.0,11973.0,18427.0,43283.0
2024-10-14_11:11:30,8645.0,22156.0,69890.0,9813.0,18427.0,43283.0
2024-10-14_11:11:31,9664.0,22156.0,69941.0,12955.0,18427.0,43626.0
2024-10-14_11:11:43,,,,,,
2024-10-14_11:11:52,18253.0,22156.0,69944.0,17067.0,18427.0,43626.0
2024-10-14_11:12:04,,,,,,
2024-10-14_11:12:13,18236.0,22156.0,69944.0,17049.0,18427.0,43626.0
2024-10-14_11:12:25,,,,,,
2024-10-14_11:12:35,17671.0,22156.0,69944.0,14288.0,18427.0,43626.0
2024-10-14_11:12:36,9521.0,22156.0,69944.0,13058.0,18427.0,43626.0
2024-10-14_11:12:38,8524.0,22156.0,69944.0,9736.0,18427.0,43626.0
2024-10-14_11:12:39,10140.0,22156.0,69944.0,13039.0,18427.0,43628.0
2024-10-14_11:12:51,,,,,,
2024-10-14_11:12:59,18554.0,22156.0,69944.0,17042.0,18427.0,43628.0
2024-10-14_11:13:00,10003.0,22156.0,69944.0,13054.0,18427.0,43628.0
2024-10-14_11:13:01,10078.0,22156.0,69944.0,13031.0,18427.0,43628.0
2024-10-14_11:13:13,,,,,,
2024-10-14_11:13:21,18200.0,22156.0,69944.0,17012.0,18427.0,43628.0
2024-10-14_11:13:24,8554.0,22156.0,69945.0,9846.0,18427.0,43628.0
2024-10-14_11:13:24,10153.0,22156.0,69945.0,13002.0,18428.0,43629.0
2024-10-14_11:13:27,10215.0,22156.0,69945.0,12984.0,18428.0,43629.0
2024-10-14_11:13:27,10451.0,22156.0,69965.0,13050.0,18428.0,43629.0
2024-10-14_11:13:29,9562.0,22156.0,69965.0,10351.0,18428.0,43629.0
2024-10-14_11:13:30,10263.0,22156.0,69965.0,12999.0,18428.0,43629.0
2024-10-14_11:13:31,9755.0,22156.0,69965.0,13048.0,18428.0,43629.0
2024-10-14_11:13:31,10270.0,22156.0,69965.0,13031.0,18428.0,43632.0
2024-10-14_11:13:32,9873.0,22156.0,69965.0,13050.0,18428.0,43632.0
2024-10-14_11:13:41,10521.0,22156.0,69965.0,10344.0,18428.0,43632.0
2024-10-14_11:13:43,8796.0,22156.0,69965.0,9717.0,18428.0,43632.0
2024-10-14_11:13:44,10115.0,22156.0,69965.0,13018.0,18428.0,43632.0
2024-10-14_11:13:46,8762.0,22156.0,69966.0,9848.0,18428.0,43632.0
2024-10-14_11:13:48,8693.0,22156.0,69966.0,9670.0,18428.0,43632.0
2024-10-14_11:13:49,10777.0,22156.0,69966.0,13009.0,18428.0,43632.0
2024-10-14_11:13:50,10434.0,22156.0,69970.0,13010.0,18428.0,43632.0
2024-10-14_11:13:50,10551.0,22156.0,69970.0,13093.0,18429.0,43634.0
2024-10-14_11:13:51,10253.0,22156.0,69979.0,13059.0,18429.0,43634.0
2024-10-14_11:13:52,9957.0,22156.0,69979.0,12996.0,18429.0,43634.0
2024-10-14_11:13:54,10647.0,22156.0,69979.0,10352.0,18429.0,43634.0
2024-10-14_11:13:55,11082.0,22156.0,69979.0,13036.0,18429.0,43634.0
2024-10-14_11:13:56,10657.0,22156.0,69981.0,13008.0,18429.0,43634.0
2024-10-14_11:13:57,11309.0,22156.0,69981.0,13096.0,18429.0,43634.0
2024-10-14_11:13:59,8666.0,22156.0,69981.0,9757.0,18429.0,43634.0
2024-10-14_11:13:59,10237.0,22156.0,69981.0,12985.0,18429.0,43634.0
2024-10-14_11:14:12,,,,,,
2024-10-14_11:14:20,18231.0,22156.0,69981.0,17034.0,18429.0,43635.0
2024-10-14_11:14:21,9945.0,22156.0,69981.0,13055.0,18429.0,43636.0
2024-10-14_11:14:33,,,,,,
2024-10-14_11:14:43,16961.0,22156.0,69981.0,13664.0,18429.0,43636.0
2024-10-14_11:14:44,10071.0,22156.0,69981.0,13058.0,18429.0,43636.0
2024-10-14_11:14:45,9562.0,22156.0,69981.0,13013.0,18429.0,43636.0
2024-10-14_11:14:47,8572.0,22156.0,69981.0,9759.0,18429.0,43636.0
2024-10-14_11:14:47,10147.0,22156.0,69981.0,13068.0,18429.0,43636.0
2024-10-14_11:14:57,8682.0,22156.0,69985.0,9634.0,18429.0,43640.0
2024-10-14_11:14:59,8556.0,22156.0,69985.0,9678.0,18429.0,43640.0
2024-10-14_11:14:59,10071.0,22156.0,69985.0,13087.0,18429.0,43640.0
2024-10-14_11:15:01,8811.0,22156.0,69985.0,9769.0,18429.0,43640.0
2024-10-14_11:15:02,10106.0,22156.0,69985.0,12986.0,18429.0,43702.0
2024-10-14_11:15:03,10462.0,22156.0,69985.0,13064.0,18429.0,43702.0
2024-10-14_11:15:05,8703.0,22156.0,69985.0,9667.0,18429.0,43702.0
2024-10-14_11:15:06,10176.0,22156.0,69985.0,12977.0,18429.0,43702.0
2024-10-14_11:15:06,10458.0,22156.0,69986.0,13034.0,18429.0,43702.0
2024-10-14_11:15:07,9845.0,22156.0,69986.0,12987.0,18429.0,43702.0
2024-10-14_11:15:08,10403.0,22156.0,69986.0,13113.0,18429.0,43702.0
2024-10-14_11:15:09,10193.0,22156.0,69987.0,13023.0,18429.0,43702.0
2024-10-14_11:15:21,,,,,,
2024-10-14_11:15:31,16869.0,22156.0,69987.0,13562.0,18429.0,43702.0
2024-10-14_11:15:32,9503.0,22156.0,69990.0,13062.0,18429.0,43702.0
2024-10-14_11:15:34,8524.0,22156.0,69990.0,9665.0,18429.0,43702.0
2024-10-14_11:15:36,8520.0,22156.0,69990.0,9546.0,18429.0,43702.0
2024-10-14_11:15:41,,,,9462.0,18429.0,43713.0
2024-10-14_11:15:50,18217.0,22158.0,69996.0,17027.0,18429.0,43715.0
2024-10-14_11:16:02,,,,,,
2024-10-14_11:16:12,16961.0,22158.0,69996.0,13664.0,18429.0,43715.0
2024-10-14_11:16:13,9582.0,22158.0,69996.0,13095.0,18429.0,43715.0
2024-10-14_11:16:15,8512.0,22158.0,69996.0,9751.0,18429.0,43715.0
2024-10-14_11:16:17,8595.0,22158.0,69996.0,9658.0,18429.0,43715.0
2024-10-14_11:16:19,8129.0,22158.0,69996.0,9342.0,18429.0,43715.0
2024-10-14_11:16:20,10011.0,22158.0,69996.0,13022.0,18429.0,43715.0
2024-10-14_11:16:20,10142.0,22158.0,69996.0,13000.0,18429.0,43715.0
2024-10-14_11:16:32,,,,,,
2024-10-14_11:16:41,18166.0,22158.0,69996.0,17049.0,18429.0,43715.0
2024-10-14_11:16:53,,,,,,
2024-10-14_11:17:02,18254.0,22158.0,69996.0,17049.0,18429.0,43715.0
2024-10-14_11:17:14,,,,,,
2024-10-14_11:17:23,18320.0,22158.0,69996.0,17067.0,18429.0,43715.0
2024-10-14_11:17:35,,,,,,
2024-10-14_11:17:45,16980.0,22158.0,69996.0,13664.0,18429.0,43715.0
2024-10-14_11:17:46,10001.0,22158.0,69996.0,13057.0,18429.0,43715.0
2024-10-14_11:17:46,10035.0,22158.0,69996.0,13010.0,18429.0,43715.0
2024-10-14_11:17:47,10066.0,22158.0,69996.0,13080.0,18429.0,43715.0
2024-10-14_11:17:49,9262.0,22158.0,69996.0,10359.0,18429.0,43715.0
2024-10-14_11:17:50,9652.0,22158.0,69996.0,12964.0,18429.0,43715.0
2024-10-14_11:17:51,9662.0,22158.0,69996.0,13009.0,18429.0,43715.0
2024-10-14_11:18:03,,,,,,
2024-10-14_11:18:11,18209.0,22158.0,69996.0,17037.0,18429.0,43715.0
2024-10-14_11:18:24,,,,,,
2024-10-14_11:18:32,18199.0,22158.0,69998.0,17036.0,18429.0,43715.0
2024-10-14_11:18:33,10105.0,22158.0,69998.0,13097.0,18429.0,43716.0
2024-10-14_11:18:34,10032.0,22158.0,69998.0,13026.0,18429.0,43716.0
2024-10-14_11:18:34,9525.0,22158.0,69998.0,12992.0,18429.0,43716.0
2024-10-14_11:18:36,9298.0,22158.0,69998.0,10356.0,18429.0,43716.0
2024-10-14_11:18:37,10143.0,22158.0,69998.0,13012.0,18429.0,43716.0
2024-10-14_11:18:37,10061.0,22158.0,69998.0,12984.0,18429.0,43716.0
2024-10-14_11:18:38,9598.0,22158.0,69998.0,13070.0,18429.0,43716.0
2024-10-14_11:18:39,10446.0,22158.0,69998.0,13025.0,18429.0,43716.0
2024-10-14_11:18:51,,,,,,
2024-10-14_11:19:01,18547.0,22158.0,69998.0,17082.0,18429.0,43716.0
2024-10-14_11:19:02,10057.0,22158.0,69998.0,12996.0,18429.0,43721.0
2024-10-14_11:19:04,8235.0,22158.0,69998.0,9501.0,18429.0,43721.0
2024-10-14_11:19:05,10155.0,22158.0,69998.0,13050.0,18429.0,43721.0
2024-10-14_11:19:17,,,,,,
2024-10-14_11:19:26,18204.0,22158.0,69998.0,17050.0,18429.0,43721.0
2024-10-14_11:19:27,10079.0,22158.0,69998.0,13054.0,18429.0,43721.0
2024-10-14_11:19:39,,,,,,
2024-10-14_11:19:49,16961.0,22158.0,69998.0,13638.0,18429.0,43721.0
2024-10-14_11:19:51,8476.0,22158.0,69998.0,9765.0,18429.0,43721.0
2024-10-14_11:19:54,10297.0,22158.0,69998.0,12999.0,18429.0,43745.0
2024-10-14_11:19:56,8570.0,22158.0,69998.0,9746.0,18430.0,43746.0
2024-10-14_11:19:58,8664.0,22158.0,69998.0,9645.0,18430.0,43746.0
2024-10-14_11:20:00,8595.0,22158.0,69998.0,9607.0,18430.0,43746.0
2024-10-14_11:20:00,9567.0,22158.0,69999.0,13035.0,18430.0,43746.0
2024-10-14_11:20:03,9524.0,22158.0,69999.0,9822.0,18430.0,43746.0
2024-10-14_11:20:05,7796.0,22158.0,69999.0,9329.0,18430.0,43746.0
2024-10-14_11:20:07,9611.0,22158.0,69999.0,9620.0,18430.0,43746.0
2024-10-14_11:20:07,10163.0,22158.0,69999.0,13039.0,18430.0,43746.0
2024-10-14_11:20:09,9920.0,22158.0,69999.0,9758.0,18430.0,43746.0
2024-10-14_11:20:10,10151.0,22158.0,69999.0,12998.0,18430.0,43746.0
2024-10-14_11:20:12,8791.0,22158.0,70001.0,9761.0,18430.0,43746.0
2024-10-14_11:20:14,10355.0,22158.0,70001.0,10274.0,18430.0,43746.0
2024-10-14_11:20:15,10289.0,22158.0,70001.0,13024.0,18430.0,43755.0
2024-10-14_11:20:16,10349.0,22158.0,70001.0,13031.0,18430.0,43755.0
2024-10-14_11:20:28,,,,,,
2024-10-14_11:20:38,16575.0,22158.0,70001.0,13388.0,18430.0,43756.0
2024-10-14_11:20:40,9404.0,22158.0,70001.0,9601.0,18430.0,43756.0
2024-10-14_11:20:41,9649.0,22158.0,70001.0,13034.0,18430.0,43756.0
2024-10-14_11:20:53,,,,,,
2024-10-14_11:21:03,16971.0,22158.0,70001.0,13630.0,18430.0,43756.0
2024-10-14_11:21:05,8476.0,22158.0,70001.0,9636.0,18430.0,43756.0
2024-10-14_11:21:07,8077.0,22158.0,70001.0,9308.0,18430.0,43756.0
2024-10-14_11:21:08,9533.0,22158.0,70007.0,12984.0,18430.0,43756.0
2024-10-14_11:21:10,8584.0,22158.0,70007.0,9841.0,18430.0,43756.0
2024-10-14_11:21:11,10096.0,22158.0,70007.0,13034.0,18430.0,43756.0
2024-10-14_11:21:13,8547.0,22158.0,70007.0,9704.0,18430.0,43756.0
2024-10-14_11:21:14,10071.0,22158.0,70008.0,13060.0,18430.0,43756.0
2024-10-14_11:21:14,10205.0,22158.0,70008.0,13064.0,18430.0,43756.0
2024-10-14_11:21:16,8848.0,22158.0,70008.0,8414.0,18430.0,43756.0
2024-10-14_11:21:18,10468.0,22158.0,70008.0,10249.0,18430.0,43756.0
2024-10-14_11:21:19,10217.0,22158.0,70008.0,13011.0,18430.0,43756.0
2024-10-14_11:21:31,,,,,,
2024-10-14_11:21:41,16258.0,22158.0,70008.0,13387.0,18430.0,43756.0
2024-10-14_11:21:43,9366.0,22158.0,70009.0,9625.0,18430.0,43756.0
2024-10-14_11:21:44,9470.0,22158.0,70009.0,13048.0,18430.0,43756.0
2024-10-14_11:21:46,8151.0,22158.0,70009.0,9475.0,18430.0,43756.0
2024-10-14_11:21:49,10157.0,22158.0,70009.0,12995.0,18430.0,43756.0
2024-10-14_11:21:50,10905.0,22158.0,70013.0,13102.0,18430.0,43756.0
2024-10-14_11:21:51,9890.0,22158.0,70013.0,13017.0,18430.0,43756.0
2024-10-14_11:21:51,10156.0,22158.0,70013.0,13051.0,18430.0,43756.0
2024-10-14_11:21:52,10183.0,22158.0,70013.0,12995.0,18430.0,43758.0
2024-10-14_11:21:54,8732.0,22158.0,70013.0,9763.0,18430.0,43758.0
2024-10-14_11:21:56,9535.0,22158.0,70013.0,9708.0,18430.0,43758.0
2024-10-14_11:21:57,10568.0,22158.0,70013.0,12974.0,18430.0,43758.0
2024-10-14_11:21:59,8147.0,22158.0,70018.0,9470.0,18430.0,43758.0
2024-10-14_11:22:00,10089.0,22158.0,70018.0,13024.0,18430.0,43758.0
2024-10-14_11:22:12,,,,,,
2024-10-14_11:22:22,16962.0,22158.0,70018.0,13663.0,18430.0,43758.0
2024-10-14_11:22:24,7742.0,22158.0,70018.0,8086.0,18430.0,43758.0
2024-10-14_11:22:26,10211.0,22158.0,70018.0,10249.0,18430.0,43758.0
2024-10-14_11:22:27,9481.0,22158.0,70018.0,12977.0,18430.0,43758.0
2024-10-14_11:22:29,8528.0,22158.0,70018.0,9835.0,18430.0,43758.0
2024-10-14_11:22:29,10054.0,22158.0,70018.0,13036.0,18430.0,43758.0
2024-10-14_11:22:30,10109.0,22158.0,70018.0,13024.0,18430.0,43758.0
2024-10-14_11:22:32,8584.0,22158.0,70019.0,9932.0,18430.0,43758.0
2024-10-14_11:22:34,9318.0,22158.0,70019.0,10232.0,18430.0,43758.0
2024-10-14_11:22:36,10466.0,22158.0,70021.0,10273.0,18430.0,43758.0
2024-10-14_11:22:37,9636.0,22158.0,70023.0,13076.0,18430.0,43758.0
2024-10-14_11:22:39,8253.0,22158.0,70023.0,9496.0,18430.0,43764.0
2024-10-14_11:22:41,8613.0,22158.0,70023.0,8107.0,18430.0,43764.0
2024-10-14_11:22:41,9619.0,22158.0,70023.0,13010.0,18430.0,43764.0
2024-10-14_11:22:44,10165.0,22158.0,70027.0,9987.0,18430.0,43764.0
2024-10-14_11:22:44,10229.0,22158.0,70033.0,12989.0,18432.0,43766.0
2024-10-14_11:22:46,9502.0,22158.0,70034.0,9502.0,18432.0,43766.0
2024-10-14_11:22:48,8344.0,22158.0,70035.0,9396.0,18432.0,43766.0
2024-10-14_11:22:51,9769.0,22158.0,70035.0,9614.0,18432.0,43766.0
2024-10-14_11:22:53,9762.0,22158.0,70036.0,9644.0,18432.0,43766.0
2024-10-14_11:22:55,9784.0,22158.0,70036.0,9371.0,18432.0,43766.0
2024-10-14_11:22:55,9613.0,22158.0,70057.0,13047.0,18432.0,43766.0
2024-10-14_11:22:57,9638.0,22158.0,70057.0,9450.0,18432.0,43766.0
2024-10-14_11:22:58,10242.0,22158.0,70057.0,13053.0,18432.0,43766.0
2024-10-14_11:22:59,10167.0,22158.0,70057.0,12971.0,18432.0,43766.0
2024-10-14_11:22:59,10737.0,22158.0,70057.0,13032.0,18432.0,43766.0
2024-10-14_11:23:00,11396.0,22158.0,70057.0,13017.0,18432.0,43766.0
2024-10-14_11:23:02,9534.0,22158.0,70057.0,9464.0,18432.0,43766.0
2024-10-14_11:23:03,10266.0,22158.0,70057.0,13043.0,18432.0,43766.0
2024-10-14_11:23:15,,,,,,
2024-10-14_11:23:25,16927.0,22158.0,70057.0,13733.0,18432.0,43766.0
2024-10-14_11:23:26,9832.0,22158.0,70057.0,13058.0,18432.0,43766.0
2024-10-14_11:23:28,9201.0,22158.0,70057.0,10311.0,18432.0,43766.0
2024-10-14_11:23:28,10094.0,22158.0,70057.0,12991.0,18432.0,43766.0
2024-10-14_11:23:31,8190.0,22158.0,70057.0,9464.0,18432.0,43766.0
2024-10-14_11:23:31,10396.0,22158.0,70057.0,12995.0,18432.0,43766.0
2024-10-14_11:23:32,9850.0,22158.0,70057.0,13023.0,18432.0,43766.0
2024-10-14_11:23:32,10103.0,22158.0,70057.0,12993.0,18432.0,43766.0
2024-10-14_11:23:33,9756.0,22158.0,70057.0,13041.0,18432.0,43766.0
2024-10-14_11:23:34,10245.0,22158.0,70057.0,13027.0,18432.0,43766.0
2024-10-14_11:23:36,8187.0,22158.0,70057.0,9483.0,18432.0,43766.0
2024-10-14_11:23:38,9323.0,22158.0,70084.0,9371.0,18432.0,43766.0
2024-10-14_11:23:40,8786.0,22158.0,70084.0,9647.0,18432.0,43766.0
2024-10-14_11:23:42,9409.0,22158.0,70084.0,9367.0,18432.0,43766.0
2024-10-14_11:23:43,9840.0,22158.0,70084.0,13049.0,18432.0,43766.0
2024-10-14_11:23:45,9398.0,22158.0,70084.0,10332.0,18432.0,43766.0
2024-10-14_11:23:46,9702.0,22158.0,70085.0,12979.0,18432.0,43766.0
2024-10-14_11:23:47,11155.0,22158.0,70085.0,13062.0,18432.0,43766.0
2024-10-14_11:23:49,8744.0,22158.0,70085.0,9766.0,18432.0,43766.0
2024-10-14_11:23:50,11290.0,22158.0,70085.0,13066.0,18432.0,43766.0
2024-10-14_11:24:02,,,,,,
