
2024-10-12_16:00:09,17071,17071,17071,18362,18362,18362,3212,3212,3212
2024-10-12_16:00:10,13053,17629,19730,11480,20271,22685,1450,3734,4012
2024-10-12_16:00:11,13073,17656,20622,11480,20294,23121,1449,3736,4017
2024-10-12_16:00:12,13045,17694,20909,11448,20322,23682,1449,3736,4017
2024-10-12_16:00:13,13029,17696,21641,11499,20331,23806,1462,3736,4032
2024-10-12_16:00:15,9455,17777,24600,9410,20370,27904,726,3736,4228
2024-10-12_16:00:17,8128,17920,26056,8362,20422,32240,31,3736,4228
2024-10-12_16:00:19,9865,17948,26887,9964,20432,33648,1083,3736,4269
2024-10-12_16:00:21,8104,17948,26951,8471,20516,34271,77,3736,4293
2024-10-12_16:00:23,9648,17948,27565,9486,20577,35570,574,3770,4486
2024-10-12_16:00:25,9800,17948,27704,8588,20580,36575,620,3770,4561
2024-10-12_16:00:27,7987,17950,27881,6285,20644,37428,31,3770,4561
2024-10-12_16:00:29,7982,17951,27915,8430,20649,37721,31,3770,4564
2024-10-12_16:00:31,9774,17952,27973,9488,20659,37952,620,3770,4564
2024-10-12_16:00:33,9612,17952,27979,9676,20683,38330,569,3770,4601
2024-10-12_16:00:35,9820,17958,28004,8694,20701,38421,625,3772,4603
2024-10-12_16:00:37,9786,17958,28038,8691,20756,38622,647,3773,4604
2024-10-12_16:00:39,8129,17958,28069,7898,20889,39302,31,3773,4604
2024-10-12_16:00:41,9565,17958,28817,9594,20920,40824,450,3777,4656
2024-10-12_16:00:43,9523,17958,28839,8487,20920,40976,395,3781,4704
2024-10-12_16:00:45,9540,17958,28847,9469,20920,41093,459,3781,4705
2024-10-12_16:00:47,9682,17958,28851,9532,20920,41193,582,3786,4727
2024-10-12_16:00:50,8099,17958,28866,7618,20927,41770,123,3786,4806
2024-10-12_16:00:52,7970,17958,28997,7712,21054,42882,31,3786,4806
2024-10-12_16:00:54,7998,17958,29033,8657,21055,43036,124,3786,4806
2024-10-12_16:00:56,7955,17958,29034,8850,21128,43180,124,3786,4807
2024-10-12_16:00:58,7957,17958,29034,8781,21133,43244,124,3786,4807
2024-10-12_16:01:00,7989,17958,29042,8812,21138,43340,124,3786,4807
2024-10-12_16:01:02,8004,17958,29042,7564,21138,43392,31,3786,4807
2024-10-12_16:01:04,9721,17971,29079,9478,21138,43399,632,3788,4809
2024-10-12_16:01:06,7954,17971,29080,7479,21138,43960,31,3788,4809
2024-10-12_16:01:08,9797,17971,29087,9478,21138,43990,632,3788,4809
2024-10-12_16:01:10,9641,17971,29091,9445,21138,44015,581,3788,4809
2024-10-12_16:01:12,8130,17971,29098,7803,21138,44209,123,3788,4809
2024-10-12_16:01:15,9900,17979,29115,10149,21143,44333,1136,3790,4818
2024-10-12_16:01:17,8098,17979,29115,8528,21143,44342,31,3790,4818
2024-10-12_16:01:19,7998,17979,29118,7705,21151,44432,31,3790,4818
2024-10-12_16:01:21,9860,17979,29125,9251,21156,44541,1127,3790,4822
2024-10-12_16:01:22,13035,17979,29594,10382,21259,44837,1126,3790,4822
2024-10-12_16:01:24,8425,17994,29656,9161,21263,45312,547,3816,4857
2024-10-12_16:01:26,9568,17994,29678,9638,21374,45495,459,3816,4857
2024-10-12_16:01:28,8130,17994,29686,7692,21424,45585,124,3816,4857
2024-10-12_16:01:30,7826,17994,29696,6372,21426,45656,31,3816,4857
2024-10-12_16:01:32,7997,17994,29696,8574,21426,45668,123,3816,4857
2024-10-12_16:01:34,9542,17994,29711,9482,21426,46408,454,3816,4857
2024-10-12_16:01:36,9611,17994,29712,8507,21426,46410,579,3816,4867
2024-10-12_16:01:38,8129,17994,29719,8684,21427,46451,124,3816,4867
2024-10-12_16:01:41,8004,17994,29719,8764,21432,46539,31,3816,4867
2024-10-12_16:01:43,9686,17995,29723,9428,21432,46545,637,3821,4877
2024-10-12_16:01:45,9638,17995,29723,9629,21432,46549,581,3821,4877
2024-10-12_16:01:47,7998,17995,29724,6303,21432,46552,124,3821,4877
2024-10-12_16:01:49,9883,17995,29724,10127,21432,46576,1148,3821,4880
2024-10-12_16:01:51,9536,17995,29732,8530,21432,46594,454,3821,4881
2024-10-12_16:01:53,8108,17995,29737,7627,21433,46609,31,3821,4881
2024-10-12_16:01:55,9729,17997,29740,9514,21433,46645,640,3821,4898
2024-10-12_16:01:56,13046,17997,29773,10483,21443,46699,1134,3827,4905
2024-10-12_16:01:57,13018,17997,29972,10389,21443,47439,1183,3827,4912
2024-10-12_16:01:59,8195,17997,29983,9078,21443,47529,596,3834,4921
2024-10-12_16:02:01,9632,17997,29989,9603,21443,47562,590,3834,4921
2024-10-12_16:02:03,8141,17997,29999,7761,21443,47598,126,3834,4926
2024-10-12_16:02:05,7967,17997,30000,8681,21445,47669,31,3834,4926
2024-10-12_16:02:08,7988,17997,30010,8692,21445,47734,123,3834,4926
2024-10-12_16:02:10,9559,17997,30010,9546,21445,47777,396,3834,4926
2024-10-12_16:02:12,9695,17997,30014,8583,21445,47787,641,3834,4926
2024-10-12_16:02:14,8128,17997,30020,7906,21475,47882,123,3834,4926
2024-10-12_16:02:16,7982,17997,30020,9021,21475,47992,31,3834,4926
2024-10-12_16:02:17,13042,17997,30071,10398,21475,48180,1142,3834,4926
2024-10-12_16:02:19,9773,17997,30075,9749,21475,48334,920,3835,4930
2024-10-12_16:02:21,9855,18118,30317,10424,21591,49802
2024-10-12_16:02:34
2024-10-12_16:02:42,17033,18120,30526,18233,21591,49830,3185,3835,4930
2024-10-12_16:02:44,9874,18120,30533,8679,21591,49848,934,3841,4936
2024-10-12_16:02:45,12984,18120,30628,10177,21673,51096,1145,3841,4936
2024-10-12_16:02:57
2024-10-12_16:03:09,5618,18120,31195
2024-10-12_16:03:19,13628,18127,31286,16937,21675,51169,2763,3841,4964
2024-10-12_16:03:20,13057,18127,31341,10386,21677,51226,1018,3841,4964
2024-10-12_16:03:22,9683,18127,31369,8701,21677,51252,767,3841,4964
2024-10-12_16:03:24,9690,18175,33494,8092,21678,51622,619,3849,4997
2024-10-12_16:03:25,12957,18175,33495,9919,21678,51642,1140,3849,4997
2024-10-12_16:03:27,8205,18175,33497,7591,21678,51681,324,3853,5021
2024-10-12_16:03:29,9586,18175,33497,8569,21678,51695,392,3853,5021
2024-10-12_16:03:30,12850,18175,33509,9893,21678,51710,1125,3853,5021
2024-10-12_16:03:32,9913,18175,33535,9655,21678,51720,1031,3910,5081
2024-10-12_16:03:34,9759,18175,33536,8615,21678,51729,639,3912,5083
2024-10-12_16:03:36,9623,18175,33537,8845,21678,51737,587,3912,5083
2024-10-12_16:03:38,8092,18175,33544,8101,21679,51776,123,3912,5083
2024-10-12_16:03:40,9739,18175,33547,9659,21679,51784,642,3912,5083
2024-10-12_16:03:42,9800,18175,33549,8605,21679,51788,653,3912,5083
2024-10-12_16:03:45,9661,18175,33561,9801,21679,51844,629,3912,5085
2024-10-12_16:03:47,8170,18175,33565,8203,21679,51847,123,3912,5085
2024-10-12_16:03:49,9382,18175,33580,9046,21679,52334,124,3912,5085
2024-10-12_16:03:51,9337,18175,33581,8802,21679,52358,123,3912,5085
2024-10-12_16:03:53,9651,18175,33590,9578,21682,52372,586,3912,5085
2024-10-12_16:03:56,8091,18175,33591,7811,21685,52410,31,3912,5085
2024-10-12_16:03:58,7965,18175,33603,7941,21688,52421,31,3912,5085
2024-10-12_16:04:00,8001,18175,33603,8007,21691,52440,31,3912,5085
2024-10-12_16:04:00,12988,18175,33794,11459,21691,53171,1141,3912,5085
2024-10-12_16:04:03,9773,18175,33811,8592,21691,53173,636,3912,5085
2024-10-12_16:04:05,9546,18175,33828,9527,21691,53203,459,3912,5085
2024-10-12_16:04:07,9673,18175,33851,9637,21691,53203,580,3912,5085
2024-10-12_16:04:09,9569,18175,33851,8580,21691,53243,454,3912,5085
2024-10-12_16:04:11,9617,18175,33852,8601,21691,53269,586,3912,5085
2024-10-12_16:04:13,9376,18175,33854,7944,21691,53368,145,3912,5104
2024-10-12_16:04:14,12997,18175,34045,10433,21691,54020,1129,3912,5104
2024-10-12_16:04:16,9791,18175,34048,9678,21691,54022,975,3912,5104
2024-10-12_16:04:18,9373,18175,34049,8854,21692,54029,123,3912,5104
2024-10-12_16:04:20,9367,18175,34049,9155,21699,54077,202,3915,5128
2024-10-12_16:04:22,9564,18175,34049,8565,21699,54084,396,3915,5128
2024-10-12_16:04:24,9649,18175,34050,8657,21704,54095,580,3915,5128
2024-10-12_16:04:26,9712,18175,34050,9881,21704,54126,641,3915,5128
2024-10-12_16:04:28,9718,18175,34050,9566,21704,54134,646,3915,5128
2024-10-12_16:04:29,13001,18175,34079,10433,21704,54153,1149,3915,5128
2024-10-12_16:04:31,9755,18175,34172,10115,21711,55533,967,3915,5128
2024-10-12_16:04:33,9612,18175,34172,9691,21712,55580,590,3915,5128
2024-10-12_16:04:35,9820,18175,34198,8746,21714,55665,641,3915,5133
2024-10-12_16:04:37,9633,18175,34198,8704,21714,55690,590,3915,5133
2024-10-12_16:04:39,9807,18175,34198,9583,21717,55703,641,3915,5133
2024-10-12_16:04:42,9811,18175,34199,8624,21717,55705,719,3915,5133
2024-10-12_16:04:42,13024,18175,34200,10045,21717,55888,1147,3915,5133
2024-10-12_16:04:44,9884,18175,34202,8895,21717,55904,975,3915,5136
2024-10-12_16:04:45,12984,18175,34203,10671,21722,55931,1202,3915,5136
2024-10-12_16:04:45,13062,18175,34204,10736,21739,55957,1340,3915,5136
2024-10-12_16:04:46,12972,18175,34379,10744,21739,56756,1249,3915,5136
2024-10-12_16:04:48,9840,18175,34382,9790,21742,56812,718,3915,5136
2024-10-12_16:04:50,10262,18202,34498,10563,21773,56928,1133,3915,5136
2024-10-12_16:04:51,12978,18202,34506,10741,21776,56966,1133,3915,5136
2024-10-12_16:04:53,9907,18202,34506,8978,21776,56988,1011,3915,5138
2024-10-12_16:04:55,9874,18202,34532,9359,21776,56997,1154,3915,5138
2024-10-12_16:04:57,9785,18202,34532,9702,21776,57044,646,3915,5138
2024-10-12_16:04:58,13081,18202,34545,10185,21776,57072,1128,3915,5138
2024-10-12_16:04:59,13057,18202,34549,11674,21779,57489,1402,3915,5144
2024-10-12_16:05:01,10004,18203,34550,10640,21780,57567,1242,3915,5144
2024-10-12_16:05:03,9885,18203,34550,10632,21783,57584,1133,3915,5144
2024-10-12_16:05:04,13012,18203,34550,10496,21783,57609,1128,3915,5144
2024-10-12_16:05:06,9681,18203,34550,9629,21786,57618,513,3916,5145
2024-10-12_16:05:07,13010,18214,34568,10563,21790,57625,1134,3916,5145
2024-10-12_16:05:07,13010,18214,34569,11370,21792,57648,1230,3916,5145
2024-10-12_16:05:08,13019,18214,34596,10156,21793,57663,1234,3916,5145
2024-10-12_16:05:11,8191,18214,34596,9464,21793,57745,615,3916,5145
2024-10-12_16:05:12,12991,18214,34686,11285,21799,57829,1144,3916,5145
2024-10-12_16:05:14,9785,18216,34700,9933,21804,57872,963,3916,5145
2024-10-12_16:05:15,13037,18216,34702,11366,21810,57899,1150,3916,5145
2024-10-12_16:05:17,9648,18216,34719,10001,21810,57907,780,3916,5146
2024-10-12_16:05:19,9819,18216,34720,9711,21810,57919,637,3916,5146
2024-10-12_16:05:19,13048,18216,34720,11131,21813,57944,1146,3916,5146
2024-10-12_16:05:20,13022,18216,34896,10767,21814,58072,1372,3916,5146
2024-10-12_16:05:32
2024-10-12_16:05:45
2024-10-12_16:05:57
2024-10-12_16:06:09,5618,18216,34916
2024-10-12_16:06:19,12176,18223,35559,15380,21819,60065
2024-10-12_16:06:33
2024-10-12_16:06:40,17051,18225,35565,18575,21819,60082,3185,3916,5146
2024-10-12_16:06:42,9898,18225,35570,9782,21819,60092,1016,3916,5146
2024-10-12_16:06:45,9803,18225,35570,8497,21819,60093,646,3916,5146
2024-10-12_16:06:45,12989,18225,35570,10101,21819,60097,1132,3916,5146
2024-10-12_16:06:46,13059,18225,35572,10409,21819,60097,1178,3916,5146
2024-10-12_16:06:46,12984,18225,35572,9630,21841,60122,1167,3916,5146
2024-10-12_16:06:49,9888,18225,35572,8628,21841,60124,921,3916,5146
2024-10-12_16:06:49,12984,18225,35575,10181,21841,60137,1135,3916,5146
2024-10-12_16:06:50,13044,18225,35577,9673,21841,60137,1177,3916,5146
2024-10-12_16:06:52,9807,18226,35578,8843,21841,60222,939,3916,5146
2024-10-12_16:06:52,12978,18226,35578,9865,21841,60224,1135,3916,5146
2024-10-12_16:06:54,10353,18226,35590,9535,21841,60230,1379,3916,5146
2024-10-12_16:06:56,9689,18226,35590,9615,21841,60230,630,3916,5146
2024-10-12_16:06:57,13013,18226,35650,10619,21845,60272,1114,3916,5146
2024-10-12_16:06:58,13076,18226,35692,10702,21845,60285,1382,3916,5146
2024-10-12_16:07:00,10355,18226,35692,9524,21845,60298,1385,3916,5154
2024-10-12_16:07:01,12947,18226,35709,9894,21845,60301,1110,3916,5154
2024-10-12_16:07:03,10382,18226,35717,9619,21846,60305,1385,3916,5154
2024-10-12_16:07:05,10283,18227,35719,9560,21846,60313,1117,3916,5154
2024-10-12_16:07:07,10234,18227,35726,10579,21855,60333,1131,3916,5154
2024-10-12_16:07:10,9657,18227,35749,10071,21863,60434,617,3916,5154
2024-10-12_16:07:12,9391,18227,35749,9363,21863,60443,122,3916,5154
2024-10-12_16:07:14,8159,18227,35749,9156,21863,60460,125,3916,5154
2024-10-12_16:07:16,9827,18227,35769,10080,21863,60478,626,3916,5154
2024-10-12_16:07:18,9748,18227,35774,9821,21863,60484,626,3916,5154
2024-10-12_16:07:20,9757,18227,35794,9552,21863,60487,621,3916,5154
2024-10-12_16:07:22,9689,18227,35871,9895,21863,60502,612,3916,5154
2024-10-12_16:07:25,12966,18228,35966,11263,21863,60532,1113,3916,5154
2024-10-12_16:07:27,9749,18228,35970,9723,21863,60534,576,3916,5154
2024-10-12_16:07:30,9661,18228,35976,10045,21863,60565,617,3916,5154
2024-10-12_16:07:32,9714,18228,35976,8720,21863,60566,626,3916,5154
2024-10-12_16:07:32,13018,18228,35976,10482,21863,60566,1114,3916,5154
2024-10-12_16:07:34,9453,18228,35979,8293,21863,60590
2024-10-12_16:07:48,5611,18228,35986
2024-10-12_16:07:58,13555,18228,35999,16916,21863,60602,2728,3916,5156
2024-10-12_16:08:00,9639,18228,36002,8490,21863,60603,563,3916,5156
2024-10-12_16:08:02,9677,18229,36003,8482,21863,60615,631,3916,5156
2024-10-12_16:08:04,10193,18229,36004,9244,21863,60618,1019,3916,5156
2024-10-12_16:08:06,9512,18229,36004,8534,21863,60622,470,3916,5156
2024-10-12_16:08:08,9609,18230,36015,8777,21863,60630,621,3916,5156
2024-10-12_16:08:10,9550,18230,36015,9527,21863,60635,458,3916,5156
2024-10-12_16:08:13,9641,18230,36021,8853,21863,60638,626,3916,5156
2024-10-12_16:08:15,9685,18230,36021,8637,21863,60640,640,3916,5156
2024-10-12_16:08:17,9693,18230,36022,8770,21863,60642,647,3916,5156
2024-10-12_16:08:19,9327,18230,36037,8150,21863,60657,187,3916,5178
2024-10-12_16:08:21,9600,18230,36071,8619,21863,60661,591,3916,5178
2024-10-12_16:08:24,9666,18230,36073,9839,21863,60684,648,3916,5178
2024-10-12_16:08:26,9362,18230,36074,9134,21863,60720,199,3916,5178
2024-10-12_16:08:28,9577,18230,36074,9847,21863,60724,671,3916,5178
2024-10-12_16:08:31,9614,18230,36074,9767,21865,60729,627,3916,5178
2024-10-12_16:08:33,9656,18230,36074,8604,21865,60730,640,3916,5178
2024-10-12_16:08:35,9329,18230,36074,9082,21865,60733,199,3916,5178
2024-10-12_16:08:35,12999,18230,36074,10133,21865,60738,1126,3916,5178
2024-10-12_16:08:37,9841,18230,36074,9905,21865,60758,943,3916,5178
2024-10-12_16:08:39,9730,18230,36074,10418,21872,61054
2024-10-12_16:08:50,12178,18230,36074,15373,21872,61284
2024-10-12_16:09:04,5610,18230,36074
2024-10-12_16:09:14,13626,18230,36075,16915,21872,61285,2764,3916,5178
2024-10-12_16:09:16,9731,18231,36076,8480,21872,61285,643,3916,5178
2024-10-12_16:09:17,13052,18231,36077,9610,21872,61293,1013,3916,5178
2024-10-12_16:09:19,9714,18231,36077,8706,21872,61293,877,3916,5178
2024-10-12_16:09:19,13042,18231,36077,10450,21874,61295,1132,3916,5178
2024-10-12_16:09:21,9913,18231,36077,8558,21874,61296,758,3916,5178
2024-10-12_16:09:23,9599,18231,36077,8649,21874,61297,576,3916,5178
2024-10-12_16:09:25,9626,18231,36078,8597,21876,61302,592,3916,5178
2024-10-12_16:09:28,9636,18231,36086,9879,21876,61694,617,3916,5178
2024-10-12_16:09:28,13020,18231,36094,10171,21876,61694,1114,3916,5178
2024-10-12_16:09:31,9770,18231,36094,8939,21876,61720,924,3916,5178
2024-10-12_16:09:33,9332,18231,36095,8188,21876,61722,183,3917,5179
2024-10-12_16:09:35,9350,18231,36095,9563,21876,61733,186,3917,5179
2024-10-12_16:09:36,13017,18231,36225,9862,21876,61751,1134,3917,5179
2024-10-12_16:09:38,9883,18231,36225,8816,21879,61758,1024,3917,5179
2024-10-12_16:09:40,9689,18231,36228,9554,21879,61765,625,3917,5179
2024-10-12_16:09:42,9342,18231,36228,9349,21879,61771,205,3917,5179
2024-10-12_16:09:44,12948,18231,36246,11546,21879,61816,1135,3917,5179
2024-10-12_16:09:45,13048,18231,36248,10183,21879,61828,1113,3917,5179
2024-10-12_16:09:47,9792,18231,36248,9870,21879,61859,697,3917,5179
2024-10-12_16:09:49,10274,18231,36248,10350,21879,61866,1118,3917,5179
2024-10-12_16:09:50,13019,18231,36273,10168,21879,61873,1110,3917,5179
2024-10-12_16:09:52,9895,18231,36274,8711,21879,61879,928,3917,5179
2024-10-12_16:09:53,12947,18231,36274,9630,21879,61881,1135,3917,5179
2024-10-12_16:09:55,10329,18231,36274,10523,21879,61889,1349,3917,5179
2024-10-12_16:09:57,9803,18231,36274,8618,21879,61904,621,3917,5179
2024-10-12_16:09:57,12974,18231,36274,10214,21879,61907,1114,3917,5179
2024-10-12_16:09:59,9843,18231,36274,9978,21879,61909,931,3917,5179
2024-10-12_16:10:02,9644,18231,36274,9681,21879,61912,656,3917,5179
2024-10-12_16:10:02,12989,18231,36295,10532,21879,61922,1134,3917,5179
2024-10-12_16:10:04,10382,18231,36295,10494,21879,61924,1385,3917,5179
2024-10-12_16:10:05,13041,18231,36295,10473,21879,61929,1110,3917,5179
2024-10-12_16:10:06,12987,18234,36309,10174,21879,61929,1386,3917,5179
2024-10-12_16:10:08,9686,18234,36309,8925,21879,61929,774,3917,5179
2024-10-12_16:10:10,9361,18234,36309,9791,21879,61932,187,3917,5179
2024-10-12_16:10:12,9364,18234,36309,9515,21884,61944,292,3925,5190
2024-10-12_16:10:13,12976,18234,36313,10514,21896,61958,1172,3925,5190
2024-10-12_16:10:13,13086,18275,36486,9643,21897,61972,1341,3925,5190
2024-10-12_16:10:14,13036,18275,36506,10581,21897,61975,1141,3925,5190
2024-10-12_16:10:15,13055,18275,36509,11679,21900,62004,1239,3925,5190
2024-10-12_16:10:16,12986,18275,36509,9935,21900,62006,1392,3925,5190
2024-10-12_16:10:16,13080,18275,36510,10395,21900,62006,1359,3925,5191
2024-10-12_16:10:17,13068,18275,36557,10473,21900,62024,1184,3925,5191
2024-10-12_16:10:19,9911,18275,36557,9959,21900,62038,736,3925,5191
2024-10-12_16:10:20,13051,18275,36557,11494,21900,62046,1118,3925,5191
2024-10-12_16:10:21,13035,18275,36563,9860,21900,62050,1404,3925,5213
2024-10-12_16:10:33
2024-10-12_16:10:45
2024-10-12_16:10:58,5618,18275,36583
2024-10-12_16:11:08,12177,18275,36605,15378,21900,62053
2024-10-12_16:11:21
2024-10-12_16:11:31,13697,18276,36606,16980,21900,62053,2814,3925,5213
2024-10-12_16:11:33,10193,18276,36606,9270,21900,62061,1017,3925,5213
2024-10-12_16:11:34,13041,18276,36608,9618,21900,62071,1111,3925,5213
2024-10-12_16:11:36,9495,18276,36636,8143,21900,62093
2024-10-12_16:11:50
2024-10-12_16:12:02
2024-10-12_16:12:11,17035,18276,36636,18204,21900,62107,3248,3925,5222
2024-10-12_16:12:13,10337,18276,36636,9248,21900,62108,1128,3925,5222
2024-10-12_16:12:13,12987,18276,36636,10049,21901,62109,1328,3925,5222
2024-10-12_16:12:26
2024-10-12_16:12:38,5619,18276,36636
2024-10-12_16:12:48,13722,18276,36639,16929,21901,62122,2818,3925,5222
2024-10-12_16:12:50,9693,18276,36643,8562,21901,62122,647,3925,5222
2024-10-12_16:12:51,13050,18276,36643,9635,21901,62125,1013,3925,5222
2024-10-12_16:12:53,9811,18276,36643,8575,21901,62125,620,3925,5222
2024-10-12_16:12:53,13050,18276,36643,10448,21901,62134,1111,3925,5222
2024-10-12_16:12:54,12982,18276,36643,9850,21901,62134,1232,3925,5222
2024-10-12_16:12:56,10347,18276,36643,9481,21901,62137,1378,3925,5222
2024-10-12_16:12:58,9717,18276,36643,8552,21901,62137,646,3925,5222
2024-10-12_16:12:58,12991,18276,36651,9759,21901,62141,1114,3925,5222
2024-10-12_16:13:01,10350,18276,36651,10338,21901,62178,1184,3925,5222
2024-10-12_16:13:01,13035,18276,36654,10231,21901,62178,1116,3925,5222
2024-10-12_16:13:03,9978,18276,36654,9387,21901,62178,1353,3925,5222
2024-10-12_16:13:05,9682,18277,36676,8675,21901,62178,626,3925,5222
2024-10-12_16:13:08,8145,18277,36676,7913,21901,62191,122,3925,5222
2024-10-12_16:13:08,13005,18277,36807,10497,21905,62208,1114,3925,5222
2024-10-12_16:13:09,13062,18277,36808,11370,21905,62213,1164,3925,5222
2024-10-12_16:13:10,13002,18277,36808,9663,21905,62217,1173,3925,5222
2024-10-12_16:13:10,13084,18277,36811,10457,21905,62238,1180,3925,5222
2024-10-12_16:13:11,12962,18277,37164,10353,21905,62248,1165,3925,5222
2024-10-12_16:13:12,13046,18277,37164,11537,21905,62274,1355,3925,5222
2024-10-12_16:13:14,9842,18278,37165,9720,21905,62276,965,3925,5222
2024-10-12_16:13:15,13047,18278,37165,10457,21905,62284,1137,3925,5222
2024-10-12_16:13:16,12920,18278,37166,10769,21905,62286,1180,3925,5222
2024-10-12_16:13:17,13077,18278,37172,11365,21905,62297,1351,3925,5222
2024-10-12_16:13:17,13004,18278,37172,10635,21905,62307,1354,3925,5222
2024-10-12_16:13:19,9680,18278,37176,9910,21905,62316,509,3925,5222
2024-10-12_16:13:21,9536,18278,37176,9905,21905,62323,458,3925,5222
2024-10-12_16:13:24,8136,18278,37178,8595,21905,62359,123,3925,5227
2024-10-12_16:13:25,13025,18278,37178,11560,21905,62364,1123,3925,5227
2024-10-12_16:13:27,9792,18278,37178,9685,21906,62366,940,3925,5227
2024-10-12_16:13:29,9803,18278,37196,9894,21906,62377,638,3925,5227
2024-10-12_16:13:31,9785,18278,37196,9995,21906,62378,640,3925,5227
2024-10-12_16:13:32,12988,18278,37199,10605,21906,62379,1144,3925,5227
2024-10-12_16:13:34,8236,18278,37199,9512,21906,62383,602,3925,5227
2024-10-12_16:13:36,9847,18278,37199,9915,21906,62477,633,3925,5227
2024-10-12_16:13:38,9582,18278,37199,9869,21906,62480,458,3925,5227
2024-10-12_16:13:40,10266,18278,37199,10380,21906,62482,1145,3925,5227
2024-10-12_16:13:42,9640,18278,37203,10019,21906,62489,590,3925,5227
2024-10-12_16:13:44,9623,18278,37204,8827,21906,62489,585,3925,5227
2024-10-12_16:13:46,9660,18278,37204,9497,21906,62490,606,3925,5227
2024-10-12_16:13:47,12956,18278,37207,9717,21906,62493,1133,3925,5227
2024-10-12_16:13:48,13042,18278,37207,10526,21906,62500,1129,3925,5227
2024-10-12_16:13:50,8334,18278,37253,8853,21975,62989
2024-10-12_16:13:59,17030,18278,37253,18242,21975,62989,3193,3927,5230
2024-10-12_16:14:01,8250,18278,37258,6501,21975,62997,285,3927,5230
2024-10-12_16:14:02,13028,18278,37258,10081,21975,62997,1116,3927,5230
2024-10-12_16:14:04,8241,18278,37258,6975,21975,63016,545,3927,5230
2024-10-12_16:14:07,12991,18278,37265,10194,21975,63024,1134,3927,5230
2024-10-12_16:14:09,9743,18278,37265,8559,21975,63036,590,3927,5230
2024-10-12_16:14:11,10274,18278,37265,9378,21976,63038,1117,3927,5230
2024-10-12_16:14:13,9640,18278,37265,8576,21976,63038,569,3927,5230
2024-10-12_16:14:15,7960,18278,37265,7776,21976,63078,122,3927,5230
2024-10-12_16:14:16,13019,18278,37267,10203,21976,63110,1114,3927,5230
2024-10-12_16:14:18,8417,18278,37267,8834,21976,63111,31,3927,5230
2024-10-12_16:14:20,9376,18278,37267,9063,21976,63167,183,3927,5230
2024-10-12_16:14:20,12957,18278,37267,9679,21976,63167,1113,3927,5230
2024-10-12_16:14:22,9485,18278,37268,9544,21976,63167,550,3927,5230
2024-10-12_16:14:28,9589,18278,37271
2024-10-12_16:14:38,17105,18278,37330,18647,21976,63167,3185,3927,5231
2024-10-12_16:14:40,9722,18278,37330,8516,21976,63167,573,3927,5231
2024-10-12_16:14:41,13008,18283,37362,10088,21976,63169,1111,3927,5231
2024-10-12_16:14:41,13036,18283,37369,9983,21976,63171,1400,3927,5231
2024-10-12_16:14:43,9484,18283,37369,7831,21976,63174,31,3927,5231
2024-10-12_16:14:46,9340,18283,37369,9086,21982,63182,209,3927,5233
2024-10-12_16:14:46,13010,18283,37374,9898,21982,63182,1113,3927,5233
2024-10-12_16:14:47,12991,18283,37374,10201,21982,63191,1165,3927,5233
2024-10-12_16:14:47,12991,18283,37374,9845,21982,63193,1346,3927,5233
2024-10-12_16:14:49,9496,18283,37377,7981,21982,63195,264,3927,5233
2024-10-12_16:14:50,13039,18283,37378,10211,21982,63196,1114,3927,5233
2024-10-12_16:14:52,9748,18283,37378,9777,21982,63196,574,3927,5233
2024-10-12_16:14:54,9368,18283,37381,7903,21982,63199,122,3927,5233
2024-10-12_16:14:55,13042,18283,37382,10818,21982,63199,1113,3927,5233
2024-10-12_16:14:57,9465,18283,37382,9150,21982,63199,31,3927,5233
2024-10-12_16:14:59,9325,18283,37382,8763,21982,63337,122,3927,5233
2024-10-12_16:15:01,9571,18283,37384,9543,21982,63341,412,3927,5233
2024-10-12_16:15:03,9375,18283,37384,8865,21982,63341,122,3927,5233
2024-10-12_16:15:05,9409,18332,37454,9266,21988,63495,31,3927,5233
2024-10-12_16:15:07,9377,18332,37456,9001,21988,63496,123,3927,5233
2024-10-12_16:15:09,9376,18332,37456,8720,21988,63497,31,3927,5233
2024-10-12_16:15:10,13032,18332,37463,10240,21988,63497,1118,3927,5233
2024-10-12_16:15:12,9693,18332,37463,9918,21988,63499,770,3927,5233
2024-10-12_16:15:14,9621,18332,37463,9673,21988,63507,579,3927,5233
2024-10-12_16:15:15,13035,18332,37463,11298,21988,63510,1141,3927,5233
2024-10-12_16:15:15,12975,18332,37463,9840,21988,63531,1392,3927,5233
2024-10-12_16:15:17,9844,18333,37464,8641,21988,63531,632,3927,5233
2024-10-12_16:15:19,9699,18333,37464,9735,21988,63532,632,3927,5233
2024-10-12_16:15:21,9680,18334,37472,8720,21988,63536,637,3927,5233
2024-10-12_16:15:22,12860,18334,37476,9666,21988,63536,1123,3927,5233
2024-10-12_16:15:24,9703,18334,37476,9735,21988,63538,527,3927,5233
2024-10-12_16:15:25,13032,18334,37477,10404,21988,63545,1125,3927,5233
2024-10-12_16:15:27,9813,18334,37477,8883,21988,63547,957,3927,5233
2024-10-12_16:15:29,9326,18334,37483,8012,21988,63549,123,3927,5233
2024-10-12_16:15:32,9355,18334,37485,8908,21988,63550,123,3927,5233
2024-10-12_16:15:34,9341,18334,37485,9273,21988,63553,123,3927,5233
2024-10-12_16:15:36,9362,18334,37485,9350,21988,63555,126,3927,5233
2024-10-12_16:15:38,9575,18334,37485,9583,21988,63560,384,3927,5233
2024-10-12_16:15:39,13057,18334,37498,10305,21988,63590,1151,3927,5233
2024-10-12_16:15:41,9801,18334,37499,9926,21988,63591,632,3927,5233
2024-10-12_16:15:43,9330,18334,37499,9184,21991,63594,31,3927,5233
2024-10-12_16:15:45,9682,18334,37505,9683,21992,63596,632,3927,5233
2024-10-12_16:15:46,13053,18334,37507,10522,21992,63601,1124,3927,5233
2024-10-12_16:15:48,9474,18334,37508,9312,21992,63611,340,3927,5252
2024-10-12_16:15:49,13041,18334,37511,11279,21992,63612,1176,3927,5252
2024-10-12_16:15:52,8331,18334,37511,8539,21997,63728
2024-10-12_16:16:04,13350,18334,37515,16295,21997,63747,2478,3927,5255
2024-10-12_16:16:06,9136,18334,37526,8576,21997,63759,31,3927,5255
2024-10-12_16:16:08,9691,18334,37526,9301,21997,63765,515,3927,5255
2024-10-12_16:16:11,9700,18334,37526,8485,21997,63766,647,3927,5255
2024-10-12_16:16:13,9313,18334,37526,7771,21997,63786,31,3927,5255
2024-10-12_16:16:15,9641,18334,37526,9427,21997,63786,616,3927,5255
2024-10-12_16:16:17,9311,18334,37526,7754,21997,63829,31,3927,5255
2024-10-12_16:16:19,9689,18334,37526,9424,21997,63830,616,3927,5255
2024-10-12_16:16:20,13023,18352,40341,10169,21997,63853,1079,3927,5255
2024-10-12_16:16:22,9510,18352,40347,8894,21997,63902,122,3927,5255
2024-10-12_16:16:24,9362,18352,40347,8678,21997,63902,31,3927,5255
2024-10-12_16:16:25,12982,18352,40351,10088,21997,63904,1326,3929,5257
2024-10-12_16:16:37
2024-10-12_16:16:50
2024-10-12_16:16:59,14285,18352,40351,17672,21998,63913,3184,3929,5257
2024-10-12_16:17:00,13101,18352,40354,10165,21998,63918,1117,3929,5257
2024-10-12_16:17:02,8500,18352,40376,8276,21998,64073
2024-10-12_16:17:16
2024-10-12_16:17:28
2024-10-12_16:17:38,13385,18352,40376,16287,21998,64073,2470,3929,5257
2024-10-12_16:17:40,9276,18352,40401,8586,21998,64081,31,3929,5257
2024-10-12_16:17:42,9656,18352,40401,9272,21998,64103,520,3929,5257
2024-10-12_16:17:44,9310,18352,40401,7804,21998,64103,123,3929,5257
2024-10-12_16:17:46,9690,18352,40401,9389,21998,64103,642,3929,5257
2024-10-12_16:17:48,9715,18352,40404,8538,21998,64104,621,3929,5257
2024-10-12_16:17:50,9669,18352,40404,8552,21998,64104,617,3929,5257
2024-10-12_16:17:51,13012,18352,40408,10023,21998,64104,1224,3929,5257
2024-10-12_16:18:03
2024-10-12_16:18:16,5618,18352,40408
2024-10-12_16:18:28
2024-10-12_16:18:36,17037,18352,40408,18241,21998,64104,3185,3929,5257
2024-10-12_16:18:48
2024-10-12_16:18:58,13741,18352,40409,16971,21998,64104,2814,3929,5257
2024-10-12_16:19:00,9674,18352,40409,8482,21998,64104,626,3929,5257
2024-10-12_16:19:01,13050,18352,40410,9644,21998,64105,1013,3929,5257
2024-10-12_16:19:03,9502,18352,40410,7841,21998,64105,31,3929,5257
2024-10-12_16:19:03,13040,18352,40410,10381,21998,64108,1164,3929,5257
2024-10-12_16:19:06,9440,18352,40415,8704,21998,64132,285,3929,5257
2024-10-12_16:19:08,8142,18352,40415,7803,21998,64136,31,3929,5257
2024-10-12_20:55:58,9366,18352,40415,7842,21998,64195,31,3929,5257
2024-10-12_20:56:00,9676,18352,40415,9579,21998,64197,625,3929,5257
2024-10-12_20:56:02,9342,18352,40417,7935,21998,64197,122,3929,5257
2024-10-12_20:56:04,9686,18352,40417,9491,21998,64197,625,3929,5257
2024-10-12_20:56:07,9355,18352,40417,7789,21998,64197,77,3929,5257
2024-10-12_20:56:09,9375,18352,40417,8713,21998,64197,31,3929,5257
2024-10-12_20:56:11,9675,18352,40417,9492,21998,64201,620,3929,5257
2024-10-12_20:56:13,9646,18352,40417,9524,21998,64204,574,3929,5257
2024-10-12_20:56:16,9700,18352,40419,9666,21998,64204,620,3929,5257
2024-10-12_20:56:18,10235,18352,40419,10446,21998,64206,1153,3951,5299
2024-10-12_20:56:20,9683,18352,40419,8565,21998,64206,668,3951,5321
2024-10-12_20:56:22,9373,18352,40419,7858,21998,64206,31,3951,5321
2024-10-12_20:56:23,12962,18352,40419,10410,21998,64209,1115,3951,5321
2024-10-12_20:56:25,9444,18352,40419,9250,21998,64214
2024-10-12_20:56:39,5610,18352,40419
2024-10-12_20:56:52,5610,18352,40419
2024-10-12_20:57:05,5610,18352,40419
2024-10-12_20:57:17
2024-10-12_20:57:26,17040,18352,40420,18189,21998,64218,3248,3951,5321
2024-10-12_20:57:28,9442,18352,40420,7910,21998,64224,145,3951,5321
2024-10-12_20:57:29,12966,18352,40420,10992,21998,64224,1111,3951,5321
2024-10-12_20:57:31,9870,18352,40420,8711,21998,64231,926,3951,5321
2024-10-12_20:57:33,9727,18352,40420,8543,21998,64236,625,3951,5321
2024-10-12_20:57:36,9370,18352,40420,7956,21998,64236,144,3951,5321
2024-10-12_20:57:38,9697,18352,40426,9419,21998,64236,625,3951,5321
2024-10-12_20:57:40,9731,18352,40427,9678,21998,64237,620,3951,5321
2024-10-12_20:57:41,13038,18352,40427,10111,21998,64382,1346,3951,5321
2024-10-12_20:57:41,12990,18352,40427,9686,21998,64393,1134,3951,5321
2024-10-12_20:57:42,13037,18352,40427,10156,21998,64395,1413,3951,5321
2024-10-12_20:57:54
2024-10-12_20:58:07,5618,18352,40427
2024-10-12_20:58:19,5610,18352,40427
2024-10-12_20:58:32,5610,18352,40427
2024-10-12_20:58:45,5610,18352,40427
2024-10-12_20:58:57