
2024-10-15_15:09:59,17070,17070,17070,18606,18606,18606,3212,3212,3212
2024-10-15_15:10:00,13070,17653,19651,11437,20245,22989,1450,3734,4012
2024-10-15_15:10:01,13057,17671,20164,11489,20294,24184,1449,3736,4017
2024-10-15_15:10:02,13029,17686,20912,11482,20304,24486,1465,3736,4028
2024-10-15_15:10:03,13061,17688,21087,11498,20326,25104,1449,3736,4032
2024-10-15_15:10:05,9686,17771,24018,9795,20349,28798,972,3736,4143
2024-10-15_15:10:06,13141,17891,24944,11166,20507,30596,1139,3770,4211
2024-10-15_15:10:06,13019,17894,25119,10581,20551,30986,1380,3770,4221
2024-10-15_15:10:08,9948,17925,25471,9404,20569,32161,1378,3777,4228
2024-10-15_15:10:09,12986,17925,25877,9859,20573,32374,1124,3779,4233
2024-10-15_15:10:11,9678,17926,25897,8865,20641,32927,912,3782,4272
2024-10-15_15:10:13,9479,17954,26747,9242,20646,36231,391,3782,4462
2024-10-15_15:10:15,9740,17989,26806,8678,20646,36709,638,3796,4526
2024-10-15_15:10:17,9618,18039,27021,9654,20687,37728,579,3802,4645
2024-10-15_15:10:20,9659,18046,27143,8640,20687,37921,631,3802,4646
2024-10-15_15:10:22,9752,18134,27894,9534,20779,40158,575,3802,4646
2024-10-15_15:10:24,9505,18134,28662,9759,20869,41220,413,3802,4646
2024-10-15_15:10:26,9810,18134,28681,9266,20880,41307,1149,3802,4648
2024-10-15_15:10:28,9497,18134,28714,9715,20914,41424,396,3802,4649
2024-10-15_15:10:30,9419,18138,28745,8630,20930,41584,396,3802,4657
2024-10-15_15:10:31,12781,18157,28819,10452,20960,41817,1178,3804,4670
2024-10-15_15:10:36,6293,18195,32144,7021,20971,43804,550,3805,4745
2024-10-15_15:10:36,11875,18196,32532,11389,20974,43975,1145,3805,4747
2024-10-15_15:10:39,10005,18198,32617,10422,20978,44048,1397,3805,4750
2024-10-15_15:10:41,9547,18204,32636,9471,20981,44090,397,3805,4751
2024-10-15_15:10:41,12985,18204,32859,10519,20988,44790,1127,3805,4766
2024-10-15_15:10:43,9996,18205,32897,10485,20999,44838,1402,3805,4769
2024-10-15_15:10:44,13019,18207,33044,10587,21005,45518,1125,3805,4769
2024-10-15_15:10:45,12973,18212,33072,10725,21007,45578,1397,3805,4771
2024-10-15_15:10:47,10792,18225,34723,11593,21154,48481,1401,3805,4771
2024-10-15_15:10:49,9772,18225,34755,9950,21171,48649,641,3805,4774
2024-10-15_15:10:51,9705,18227,34757,9812,21176,49131,646,3805,4779
2024-10-15_15:10:52,13014,18227,34807,10178,21186,49430,1134,3805,4779
2024-10-15_15:10:54,10694,18231,34820,11621,21214,50097,1409,3805,4779
2024-10-15_15:10:56,9535,18231,34848,8602,21214,50139,396,3805,4782
2024-10-15_15:10:59,9326,18231,35361,8913,21214,50309,396,3805,4800
2024-10-15_15:11:01,9672,18231,35464,9757,21222,50509,396,3805,4800
2024-10-15_15:11:01,13022,18231,35485,10512,21231,50554,1128,3807,4803
2024-10-15_15:11:02,13053,18231,35487,11804,21239,50959,1396,3807,4805
2024-10-15_15:11:04,9858,18328,35704,9851,21243,51642,924,3807,4808
2024-10-15_15:11:07,9478,18328,35720,9708,21254,51729,396,3807,4808
2024-10-15_15:11:09,9897,18328,35744,9453,21257,51779,1147,3807,4816
2024-10-15_15:11:11,9422,18328,35744,9851,21257,51865,384,3807,4875
2024-10-15_15:11:13,9562,18328,35752,9441,21257,51996,397,3807,4875
2024-10-15_15:11:15,9450,18330,35782,9487,21257,52021,384,3807,4875
2024-10-15_15:11:16,13034,18330,35793,10401,21257,52052,1130,3807,4876
2024-10-15_15:11:18,9588,18330,35794,9774,21257,52070,782,3807,4877
2024-10-15_15:11:19,13093,18330,35829,11356,21258,52148,1141,3807,4879
2024-10-15_15:11:21,9770,18338,35886,10000,21259,52235,780,3807,4879
2024-10-15_15:11:23,9577,18338,35907,8657,21259,52245,592,3807,4879
2024-10-15_15:11:25,9835,18339,35970,9725,21259,52254,588,3807,4879
2024-10-15_15:11:27,9582,18339,35971,9279,21259,52273,397,3807,4879
2024-10-15_15:11:29,10239,18339,35971,11055,21260,52284,1149,3807,4879
2024-10-15_15:11:31,9786,18340,35976,9595,21260,52348,641,3807,4879
2024-10-15_15:11:33,9424,18340,35981,9714,21263,52426,397,3807,4879
2024-10-15_15:11:36,9359,18340,35983,9502,21266,52847,396,3807,4879
2024-10-15_15:11:38,9616,18341,35985,9791,21269,52868,396,3807,4879
2024-10-15_15:11:40,9875,18341,35987,10247,21269,52880,1137,3809,4885
2024-10-15_15:11:42,9902,18343,35989,10218,21269,52898,1127,3809,4885
2024-10-15_15:11:44,9325,18344,36006,8644,21269,52913,396,3809,4885
2024-10-15_15:11:46,9521,18344,36006,9709,21272,52973,397,3809,4885
2024-10-15_15:11:47,13007,18344,36007,9887,21272,53010,1117,3809,4885
2024-10-15_15:11:49,9708,18358,36023,9737,21272,53016,934,3818,4894