
2024-10-09_15:32:47,17062,17062,17062,18616,18616,18616,3212,3212,3212
2024-10-09_15:32:48,13057,17654,19173,11412,20256,23033,1450,3734,4012
2024-10-09_15:32:49,13027,17683,19396,11488,20305,23648,1449,3736,4017
2024-10-09_15:32:50,13009,17692,20196,11402,20314,24085,1452,3736,4017
2024-10-09_15:32:51,13061,17692,20240,11472,20340,24207,1462,3736,4032
2024-10-09_15:32:53,9528,17879,23941,9763,20527,30009,885,3736,4213
2024-10-09_15:32:55,9378,17894,24825,8414,20593,32911,392,3761,4418
2024-10-09_15:32:57,9473,17993,25124,9255,20648,34087,384,3765,4487
2024-10-09_15:32:59,9402,17996,25176,8438,20649,34694,384,3765,4487
2024-10-09_15:33:01,8437,18033,26671,7395,20657,36506,77,3765,4519
2024-10-09_15:33:03,9759,18104,27946,9469,20688,39218,533,3776,4653
2024-10-09_15:33:05,9517,18138,28186,9307,20697,39682,384,3776,4653
2024-10-09_15:33:07,9550,18153,28275,8324,20701,40013,397,3776,4663
2024-10-09_15:33:09,9501,18163,28471,9351,20702,40527,397,3776,4664
2024-10-09_15:33:11,8438,18163,28536,7514,20702,40768,124,3776,4690
2024-10-09_15:33:13,9549,18172,28686,9432,20708,41047,384,3776,4690
2024-10-09_15:33:15,9514,18172,28703,8485,20716,41309,397,3776,4690
2024-10-09_15:33:17,9503,18173,28715,9505,20733,41389,397,3776,4694
2024-10-09_15:33:19,9482,18175,28765,9424,20737,41457,418,3776,4696
2024-10-09_15:33:21,9425,18176,28771,9465,20741,41509,397,3776,4696
2024-10-09_15:33:23,9375,18178,28834,8468,20741,41698,384,3776,4696
2024-10-09_15:33:25,9538,18184,28855,9483,20745,42125,397,3776,4696
2024-10-09_15:33:27,9562,18227,29036,9536,20748,42173,397,3776,4696
2024-10-09_15:33:29,9430,18227,29047,9464,20751,42231,397,3776,4696
2024-10-09_15:33:32,9388,18227,29071,9461,20754,42348,397,3776,4696
2024-10-09_15:33:34,9581,18314,29215,9409,20772,42493,397,3776,4696
2024-10-09_15:33:36,9821,18570,30428,9730,20939,45829,397,3776,4696
2024-10-09_15:33:38,9410,18571,30439,9484,20948,45893,397,3776,4696
2024-10-09_15:33:40,9472,18572,30440,9423,20978,46008,397,3776,4696
2024-10-09_15:33:42,9404,18572,30466,9385,20978,46057,397,3776,4696
2024-10-09_15:33:44,9650,18594,30535,9448,20980,46071,397,3776,4696
2024-10-09_15:33:46,8939,18613,30636,8453,20982,46331,124,3776,4696
2024-10-09_15:33:48,9398,18645,30783,8699,21010,47846,124,3776,4696
2024-10-09_15:33:53,5378,18679,33474,5530,21080,48865,124,3776,4709
2024-10-09_15:33:55,8437,18680,33937,9356,21080,48921,384,3776,4709
2024-10-09_15:33:57,9414,18681,33945,9437,21080,48958,397,3776,4709
2024-10-09_15:33:59,9476,18681,33954,9407,21080,48984,405,3776,4709
2024-10-09_15:34:01,8161,18682,33964,8389,21080,49050,31,3776,4712
2024-10-09_15:34:04,9629,18682,33965,9414,21081,49100,384,3776,4712
2024-10-09_15:34:06,8977,18688,33971,8346,21084,49116,31,3776,4712
2024-10-09_15:34:08,9294,18688,33971,9472,21087,49220,397,3776,4712
2024-10-09_15:34:10,9520,18688,33975,8572,21087,49268,397,3776,4712
2024-10-09_15:34:12,8977,18688,33984,7600,21087,49275,124,3776,4712
2024-10-09_15:34:14,9387,18688,33986,9299,21088,49291,384,3776,4716
2024-10-09_15:34:16,9508,18688,34030,9380,21088,49313,397,3776,4716
2024-10-09_15:34:18,9746,18688,34232,9593,21091,49807,630,3787,4762
2024-10-09_15:34:20,8967,18688,34281,8510,21091,49817,124,3787,4762
2024-10-09_15:34:22,9404,18692,34287,9519,21094,49862,397,3787,4762
2024-10-09_15:34:24,8977,18692,34289,7448,21094,49885,31,3787,4762
2024-10-09_15:34:26,9519,18692,34311,9534,21097,49905,397,3787,4762
2024-10-09_15:34:28,9426,18692,34331,8573,21097,49926,397,3787,4762
2024-10-09_15:34:30,9481,18692,34336,9538,21100,49962,397,3787,4762
2024-10-09_15:34:33,9594,18692,34344,9483,21103,50054,384,3787,4762
2024-10-09_15:34:35,9422,18692,34344,8586,21103,50138,397,3787,4762
2024-10-09_15:34:37,9470,18698,34373,9418,21103,50142,384,3787,4762
2024-10-09_15:34:39,9403,18698,34404,9384,21103,50162,397,3787,4762
2024-10-09_15:34:41,9931,18704,34815,10104,21131,50483,397,3787,4762
2024-10-09_15:34:43,9726,18709,34850,9201,21131,50517,397,3787,4762
2024-10-09_15:34:45,9694,18751,34903,9484,21131,50546,397,3787,4762
2024-10-09_15:34:47,9566,18796,34952,9486,21235,50707,397,3787,4762
2024-10-09_15:34:49,9549,18796,34955,9379,21235,50716,397,3787,4762
2024-10-09_15:34:51,9535,18796,34962,9384,21235,50795,397,3787,4762
2024-10-09_15:34:53,9446,18796,34963,9369,21240,50804,397,3787,4762
2024-10-09_15:34:55,8719,18830,35001,8362,21240,50832,124,3787,4762
2024-10-09_15:34:58,9646,18831,35049,9518,21240,50991,584,3787,4804
2024-10-09_15:35:00,8442,18831,35057,8489,21240,50995,124,3787,4804
2024-10-09_15:35:02,9596,18831,35057,9385,21240,50996,397,3787,4804
2024-10-09_15:35:04,9341,18831,35079,9688,21243,51105,397,3787,4804
2024-10-09_15:35:06,9347,18831,35080,8477,21243,51114,397,3787,4804
2024-10-09_15:35:08,9544,18831,35084,9464,21246,51135,384,3787,4804
2024-10-09_15:35:10,9674,18833,35111,9458,21247,51146,397,3787,4804
2024-10-09_15:35:12,9526,18833,35151,9505,21250,51154,405,3787,4804
2024-10-09_15:35:14,9523,18833,35151,9514,21253,51165,397,3787,4804
2024-10-09_15:35:16,9449,18833,35151,9458,21253,51169,397,3787,4804
2024-10-09_15:35:18,9805,18835,35180,9546,21255,51249,584,3787,4807
2024-10-09_15:35:20,9425,18835,35183,9440,21258,51259,397,3787,4807
2024-10-09_15:35:22,9413,18835,35183,8565,21258,51261,397,3787,4807
2024-10-09_15:35:25,9428,18835,35190,9503,21259,51268,397,3787,4811
2024-10-09_15:35:27,9571,18835,35196,9518,21262,51282,397,3787,4811
2024-10-09_15:35:29,9522,18835,35210,9656,21265,51322,397,3787,4811
2024-10-09_15:35:31,9409,18835,35210,9483,21268,51354,397,3787,4811
2024-10-09_15:35:33,9413,18835,35210,8610,21268,51370,397,3787,4811
2024-10-09_15:35:35,8985,18835,35212,8743,21268,51544,124,3787,4811
2024-10-09_15:35:37,9621,18835,35212,9475,21268,51549,397,3787,4811
2024-10-09_15:35:39,9361,18835,35221,9396,21269,51552,397,3787,4811
2024-10-09_15:35:41,9630,18835,35224,9337,21269,51558,594,3800,4827
2024-10-09_15:35:43,9725,18847,35383,9761,21286,51859,646,3805,4840
2024-10-09_15:35:45,9485,18847,35383,9593,21286,51864,397,3805,4840
2024-10-09_15:35:47,9438,18847,35383,9335,21289,51875,384,3805,4840
2024-10-09_15:35:49,9400,18848,35385,9545,21289,51986,397,3805,4840
2024-10-09_15:35:52,9475,18848,35386,9395,21289,51989,397,3805,4840
2024-10-09_15:35:54,8943,18848,35386,8404,21289,51993,123,3807,4842
2024-10-09_15:35:56,9503,18848,35396,9427,21289,51997,397,3807,4842
2024-10-09_15:35:58,9513,18849,35397,9301,21291,52004,397,3807,4842
2024-10-09_15:36:00,9517,18867,35462,9548,21295,52279,397,3807,4842
2024-10-09_15:36:05,5393,18867,35485,5722,21352,52480,124,3807,4842
2024-10-09_15:36:07,7791,18867,35540,8453,21355,52504,124,3807,4842
2024-10-09_15:36:09,9578,18867,35540,9529,21358,52511,594,3807,4843
2024-10-09_15:36:11,9518,18867,35576,9439,21358,52518,384,3807,4843
2024-10-09_15:36:13,8457,18867,35579,8409,21358,52536,31,3807,4843
2024-10-09_15:36:15,8309,18867,35579,8418,21358,52541,31,3807,4843
2024-10-09_15:36:17,9337,18869,35612,9464,21364,52584,384,3807,4843
2024-10-09_15:36:19,9385,18869,35613,9385,21367,52599,384,3807,4843
2024-10-09_15:36:21,9424,18869,35613,9461,21367,52602,397,3807,4843
2024-10-09_15:36:24,8976,18869,35613,7558,21367,52616,124,3807,4843
2024-10-09_15:36:26,8858,18869,35615,8365,21367,52643,31,3807,4843
2024-10-09_15:36:28,8141,18903,35686,8320,21367,52696,31,3807,4843
2024-10-09_15:36:30,9321,18906,35699,9361,21367,52790,397,3807,4843
2024-10-09_15:36:32,9558,18906,35711,9615,21370,52816,397,3807,4843
2024-10-09_15:36:34,8203,18906,35712,8505,21370,52820,124,3807,4843
2024-10-09_15:36:36,8968,18917,35749,8558,21373,52935,31,3807,4843
2024-10-09_15:36:38,9440,18924,35767,9370,21373,52939,384,3807,4843
2024-10-09_15:36:40,9427,18924,35767,9453,21373,52949,384,3807,4843
2024-10-09_15:36:42,8467,18924,35770,8571,21373,52974,124,3807,4843
2024-10-09_15:36:44,9344,18924,35770,9503,21376,52992,397,3807,4843
2024-10-09_15:36:46,9494,18925,35771,8434,21376,53042,384,3807,4843
2024-10-09_15:36:48,9522,18925,35790,8554,21376,53045,384,3807,4843
2024-10-09_15:36:50,8490,18932,35817,7597,21376,53049,124,3807,4843
2024-10-09_15:36:52,9384,18932,35857,9538,21379,53057,397,3807,4843
2024-10-09_15:36:55,9437,18932,35858,9491,21382,53077,384,3807,4843
2024-10-09_15:36:57,9564,18932,35858,9383,21382,53084,397,3807,4843
2024-10-09_15:36:59,9525,18932,35858,8597,21382,53089,397,3807,4843
2024-10-09_15:37:01,9483,18932,35860,9528,21385,53099,397,3807,4843
2024-10-09_15:37:03,9626,18932,35860,9579,21385,53155,384,3807,4843
2024-10-09_15:37:05,9621,18932,35860,9311,21385,53156,397,3807,4843
2024-10-09_15:37:07,8981,18932,35860,8401,21385,53178,124,3807,4843
2024-10-09_15:37:09,8044,18932,35860,8408,21385,53181,124,3807,4843
2024-10-09_15:37:11,9546,18932,35860,9385,21385,53189,397,3807,4843
2024-10-09_15:37:13,9169,18932,35885,7477,21385,53196,124,3807,4843
2024-10-09_15:37:15,9534,18932,35885,9484,21386,53198,397,3807,4843
2024-10-09_15:37:17,8191,18932,35885,8409,21386,53200,124,3807,4843
2024-10-09_15:37:20,9455,18932,35892,9351,21386,53208,384,3807,4843
2024-10-09_15:37:22,9543,18932,35903,9289,21386,53212,384,3807,4843
2024-10-09_15:37:24,8073,18932,35905,8406,21386,53213,124,3807,4843
2024-10-09_15:37:26,9529,18932,35905,9374,21386,53218,384,3807,4843
2024-10-09_15:37:28,8186,18932,35907,8405,21386,53220,124,3807,4843
2024-10-09_15:37:30,9551,18932,35907,9387,21386,53221,384,3807,4843
2024-10-09_15:37:32,9597,18932,35908,9304,21386,53222,397,3807,4843
2024-10-09_15:37:34,9504,18932,35908,9464,21386,53225,397,3807,4843
2024-10-09_15:37:36,9481,18932,35911,9224,21386,53235,405,3807,4843
2024-10-09_15:37:38,9443,18932,35911,8511,21386,53259,397,3807,4843
2024-10-09_15:37:40,8966,18932,35911,8434,21386,53264,31,3807,4843
2024-10-09_15:37:43,9431,18932,35915,9420,21389,53268,397,3807,4843
2024-10-09_15:37:45,9488,18932,35917,9412,21389,53271,397,3807,4843
2024-10-09_15:37:47,9506,18932,35917,9367,21389,53273,397,3807,4843
2024-10-09_15:37:49,9500,18932,35917,9458,21389,53275,397,3807,4843
2024-10-09_15:37:51,9406,18932,35919,8544,21389,53277,397,3807,4843
2024-10-09_15:37:53,8953,18932,35919,8467,21389,53283,31,3807,4843
2024-10-09_15:37:55,9418,18932,35919,9513,21389,53286,397,3807,4843
2024-10-09_15:37:57,8993,18932,35944,8584,21389,53292,124,3807,4843
2024-10-09_15:37:59,8039,18932,35964,8565,21389,53302,124,3807,4843
2024-10-09_15:38:02,9321,18932,35964,9458,21392,53305,397,3807,4843
2024-10-09_15:38:04,9398,18932,35964,8597,21392,53306,397,3807,4843
2024-10-09_15:38:06,9540,18932,35965,9463,21392,53311,384,3807,4843
2024-10-09_15:38:08,9474,18932,35965,9577,21395,53326,397,3807,4843
2024-10-09_15:38:10,9493,18932,35966,9510,21395,53355,384,3807,4843
2024-10-09_15:38:12,9621,18932,35968,9598,21395,53366,384,3807,4843
2024-10-09_15:38:14,9781,18932,36052,9650,21397,53387,592,3807,4843
2024-10-09_15:38:16,9704,18932,36075,9486,21397,53388,586,3807,4851
2024-10-09_15:38:18,8274,18937,36086,8409,21397,53390,124,3807,4851
2024-10-09_15:38:20,9524,18937,36092,9289,21397,53396,397,3807,4851
2024-10-09_15:38:23,9685,18937,36092,9520,21397,53411,584,3807,4855
2024-10-09_15:38:25,9408,18937,36092,9379,21397,53418,397,3807,4855
2024-10-09_15:38:27,9604,18937,36092,9455,21397,53423,396,3807,4855
2024-10-09_15:38:29,9503,18937,36098,9378,21397,53426,396,3807,4855
2024-10-09_15:38:31,9572,18937,36107,9461,21397,53430,589,3807,4859
2024-10-09_15:38:33,8946,18937,36110,8390,21397,53435,124,3807,4859
2024-10-09_15:38:35,9439,18937,36111,9443,21397,53578,396,3807,4859
2024-10-09_15:38:37,9499,18937,36112,9339,21397,53583,397,3807,4859
2024-10-09_15:38:39,9446,18937,36112,9396,21397,53591,397,3807,4859
2024-10-09_15:38:41,8161,18937,36118,7480,21397,53593,124,3807,4859
2024-10-09_15:38:43,9388,18938,36119,9498,21397,53597,397,3807,4859
2024-10-09_15:38:46,9470,18938,36119,9588,21397,53604,384,3807,4859
2024-10-09_15:38:48,9477,18938,36119,9409,21397,53609,397,3807,4859
2024-10-09_15:38:50,9774,18938,36181,9710,21397,53616,584,3807,4859
2024-10-09_15:38:52,8494,18938,36181,8508,21397,53623,124,3807,4859
2024-10-09_15:38:54,9487,18938,36182,9491,21397,53623,384,3807,4859
2024-10-09_15:38:56,8973,18938,36182,7564,21397,53638,124,3807,4859
2024-10-09_15:38:58,9499,18938,36182,9476,21397,53639,397,3807,4859
2024-10-09_15:39:00,9639,18938,36210,9656,21397,53642,592,3807,4859
2024-10-09_15:39:02,9426,18938,36210,9490,21400,53648,396,3807,4859
2024-10-09_15:39:04,9128,18938,36211,7522,21400,53652,31,3807,4859
2024-10-09_15:39:06,9396,18938,36211,9497,21400,53664,397,3807,4859
2024-10-09_15:39:08,9612,18938,36211,9443,21400,53666,384,3807,4859
2024-10-09_15:39:11,9423,18939,36213,9530,21400,53669,397,3807,4859
2024-10-09_15:39:13,9623,18939,36214,9396,21400,53671,397,3807,4859
2024-10-09_15:39:15,8875,18939,36254,8594,21400,53677,124,3807,4859
2024-10-09_15:39:17,9408,18939,36256,9546,21400,53683,384,3807,4859
2024-10-09_15:39:19,9411,18939,36256,8458,21400,53684,397,3807,4859
2024-10-09_15:39:21,9476,18939,36257,9430,21400,53685,397,3807,4859
2024-10-09_15:39:23,9527,18939,36257,9382,21400,53686,397,3807,4859
2024-10-09_15:39:25,9569,18939,36257,9426,21400,53690,397,3807,4859
2024-10-09_15:39:27,9494,18939,36257,9237,21400,53694,384,3807,4859
2024-10-09_15:39:29,9376,18939,36264,9405,21400,53717,397,3807,4859
2024-10-09_15:39:31,9410,18939,36264,9384,21400,53718,397,3807,4859
2024-10-09_15:39:34,9642,18939,36285,9441,21400,53718,397,3807,4859
2024-10-09_15:39:36,8199,18939,36285,8359,21400,53777,124,3807,4859
2024-10-09_15:39:38,9376,18939,36757,9367,21400,54427,397,3807,4859
2024-10-09_15:39:40,9540,18939,36757,9466,21400,54429,397,3807,4859
2024-10-09_15:39:42,9539,18939,36758,9520,21400,54447,592,3807,4864
2024-10-09_15:39:44,8983,18939,36760,8510,21400,54448,124,3807,4864
2024-10-09_15:39:46,9586,18939,36760,9546,21400,54449,586,3807,4864
2024-10-09_15:39:48,9606,18939,36763,9462,21400,54462,581,3807,4864
2024-10-09_15:39:50,9559,18939,36763,9444,21400,54467,384,3807,4864
2024-10-09_15:39:52,9568,18939,36774,9425,21400,54473,397,3807,4864
2024-10-09_15:39:54,9450,18940,36775,9537,21400,54477,396,3807,4864
2024-10-09_15:39:56,9648,18940,36803,9652,21400,54485,384,3807,4864
2024-10-09_15:39:59,9281,18940,36803,8528,21400,54487,396,3807,4864
2024-10-09_15:40:01,9409,18940,36803,8523,21400,54487,397,3807,4864
2024-10-09_15:40:03,9486,18940,36803,9448,21400,54487,397,3807,4864
2024-10-09_15:40:05,9547,18940,36805,9541,21400,54506,584,3807,4864
2024-10-09_15:40:07,9404,18940,36805,8529,21400,54508,397,3807,4864
2024-10-09_15:40:09,9533,18940,36805,9464,21400,54521,397,3807,4864
2024-10-09_15:40:11,9423,18940,36805,9435,21400,54522,397,3807,4864
2024-10-09_15:40:13,8470,18940,36805,8564,21400,54536,124,3807,4864
2024-10-09_15:40:15,9435,18940,36805,9597,21400,54538,397,3807,4864
2024-10-09_15:40:17,9703,18940,36805,9664,21401,54548,584,3807,4864
2024-10-09_15:40:19,9522,18940,36805,8478,21401,54549,397,3807,4864
2024-10-09_15:40:22,8988,18940,36805,8810,21401,54557,124,3807,4864
2024-10-09_15:40:24,9536,18940,36806,9549,21404,54565,397,3807,4864
2024-10-09_15:40:26,9514,18940,36806,9502,21404,54572,384,3807,4864
2024-10-09_15:40:28,9405,18940,36810,9439,21404,54575,397,3807,4864
2024-10-09_15:40:30,9468,18940,37225,9577,21404,55511,397,3807,4864
2024-10-09_15:40:32,8979,18940,37225,8735,21404,55654,124,3807,4864
2024-10-09_15:40:34,9634,18940,37225,9634,21404,55660,589,3807,4864
2024-10-09_15:40:36,8975,18940,37227,7611,21404,55660,124,3807,4864
2024-10-09_15:40:38,9488,18940,37233,9431,21404,55662,397,3807,4864
2024-10-09_15:40:41,9554,18940,37233,8476,21404,55662,397,3807,4864
2024-10-09_15:40:43,9640,18940,37237,9790,21404,55667,384,3807,4864
2024-10-09_15:40:45,9128,18940,37237,7380,21404,55668,31,3807,4864
2024-10-09_15:40:50,5519,18940,37290,5501,21404,55966,124,3807,4864
2024-10-09_15:40:52,8312,18940,37296,9343,21404,55972,397,3807,4864
2024-10-09_15:40:54,9422,18940,37296,8536,21404,55985,397,3807,4864
2024-10-09_15:40:56,9448,18942,37298,9257,21404,55985,384,3807,4864
2024-10-09_15:40:58,9579,18942,37303,9390,21404,55990,384,3807,4864
2024-10-09_15:41:00,9545,18942,37303,9271,21404,55990,384,3807,4864
2024-10-09_15:41:02,9462,18942,37304,9372,21404,55992,384,3807,4864
2024-10-09_15:41:04,9579,18942,37304,9486,21404,55994,594,3807,4868
2024-10-09_15:41:07,9709,18942,37307,9517,21404,56002,641,3807,4869
2024-10-09_15:41:09,9485,18942,37307,9238,21404,56003,397,3807,4869
2024-10-09_15:41:11,8439,18942,37307,7496,21404,56018,124,3807,4869
2024-10-09_15:41:13,9443,18942,37307,9297,21404,56018,397,3807,4869
2024-10-09_15:41:15,9393,18942,37307,9396,21405,56022,397,3807,4869
2024-10-09_15:41:17,9332,18942,37307,9485,21405,56025,396,3807,4869
2024-10-09_15:41:19,9197,18942,37307,8530,21405,56040,124,3807,4869
2024-10-09_15:41:21,9495,18942,37307,9461,21405,56040,397,3807,4869
2024-10-09_15:41:23,9394,18942,37309,9709,21405,56067,384,3807,4869
2024-10-09_15:41:25,9621,18943,37394,9598,21409,56081,397,3807,4869
2024-10-09_15:41:27,9584,18943,37394,9459,21409,56081,397,3807,4869
2024-10-09_15:41:29,9646,18943,37394,9471,21409,56102,384,3807,4869
2024-10-09_15:41:32,9575,18943,37394,9491,21409,56103,384,3807,4869
2024-10-09_15:41:34,9182,18943,37397,8743,21409,56109,124,3807,4869
2024-10-09_15:41:36,9450,18943,37397,9522,21409,56116,397,3807,4869
2024-10-09_15:41:38,9388,18943,37403,9428,21409,56116,397,3807,4869
2024-10-09_15:41:40,8158,18943,37403,7580,21409,56116,124,3807,4869
2024-10-09_15:41:42,9421,18943,37405,9523,21409,56116,397,3807,4869
2024-10-09_15:41:44,9497,18943,37405,9522,21409,56119,397,3807,4869
2024-10-09_15:41:46,9690,18944,37407,9482,21409,56119,384,3807,4869
2024-10-09_15:41:48,9504,18944,37433,9566,21409,56120,397,3807,4869
2024-10-09_15:41:50,8894,18944,37433,8438,21409,56122,124,3807,4869
2024-10-09_15:41:52,9628,18944,37433,9430,21409,56127,384,3807,4869
2024-10-09_15:41:54,9635,18944,37433,9431,21409,56135,397,3807,4869
2024-10-09_15:41:57,9379,18944,37433,9226,21409,56135,397,3807,4869
2024-10-09_15:41:59,9138,18944,37435,8481,21409,56137,124,3807,4869
2024-10-09_15:42:01,9511,18944,37435,9443,21409,56151,397,3807,4869
2024-10-09_15:42:03,8473,18945,37437,7420,21409,56151,31,3807,4869
2024-10-09_15:42:05,9441,18945,37437,9414,21409,56151,397,3807,4869
2024-10-09_15:42:07,9382,18945,37437,9369,21409,56151,397,3807,4869
2024-10-09_15:42:09,9542,18945,37437,9391,21409,56153,397,3807,4869
2024-10-09_15:42:11,8852,18945,37438,8420,21409,56160,31,3807,4869
2024-10-09_15:42:13,9539,18945,37438,9341,21409,56161,397,3807,4869
2024-10-09_15:42:15,8829,18945,37438,8409,21409,56163,31,3807,4869
2024-10-09_15:42:18,9411,18945,37438,9413,21409,56171,397,3807,4869
2024-10-09_15:42:20,9593,18945,37438,9400,21409,56174,397,3807,4869
2024-10-09_15:42:22,9430,18945,37438,8447,21409,56177,397,3807,4869
2024-10-09_15:42:24,9454,18945,37438,9431,21409,56180,384,3807,4869
2024-10-09_15:42:26,9549,18945,37438,9508,21409,56181,418,3807,4869
2024-10-09_15:42:28,9419,18945,37438,9374,21409,56181,384,3807,4869
2024-10-09_15:42:30,9522,18945,37438,9394,21409,56186,397,3807,4869
2024-10-09_15:42:32,9553,18945,37440,9570,21409,56194,397,3807,4869
2024-10-09_15:42:37,5396,18945,37487,5582,21409,56597,124,3807,4875
2024-10-09_15:42:39,8337,18945,37489,8594,21409,56601,397,3807,4875
2024-10-09_15:42:41,8935,18945,37489,8564,21412,56606,124,3807,4875
2024-10-09_15:42:44,9458,18945,37489,9505,21412,56637,384,3807,4875
2024-10-09_15:42:46,9806,18945,37496,9740,21412,56651,600,3807,4875
2024-10-09_15:42:48,9508,18945,37496,9527,21412,56651,384,3807,4875
2024-10-09_15:42:50,9387,18945,37496,9541,21412,56662,384,3807,4875
2024-10-09_15:42:52,9704,18946,37505,9644,21412,56662,584,3807,4875
2024-10-09_15:42:54,9414,18946,37505,9470,21412,56662,384,3807,4875
2024-10-09_15:42:56,9524,18946,37505,9402,21412,56664,397,3807,4875
2024-10-09_15:42:58,9428,18946,37505,8623,21412,56664,396,3807,4875
2024-10-09_15:43:00,9501,18946,37507,9385,21412,56664,397,3807,4875
2024-10-09_15:43:02,9424,18946,37507,9548,21412,56665,397,3807,4875
2024-10-09_15:43:05,9555,18946,37582,8575,21412,56671,397,3807,4875
2024-10-09_15:43:07,8991,18946,37582,8343,21412,56674,124,3807,4875
2024-10-09_15:43:09,9451,18946,37582,9502,21412,56674,397,3807,4875
2024-10-09_15:43:11,9399,18946,37582,9374,21412,56677,397,3807,4875
2024-10-09_15:43:13,9403,18946,37582,9365,21412,56677,397,3807,4875
2024-10-09_15:43:15,12362,18961,37780,10488,21429,56835,635,3807,4875
2024-10-09_15:43:17,8455,18961,37786,8478,21429,56839,124,3807,4875
2024-10-09_15:43:19,9474,18961,37792,9413,21429,56841,384,3807,4875
2024-10-09_15:43:21,9491,18961,37792,9528,21429,56844,397,3807,4875
2024-10-09_15:43:24,9372,18961,37795,9471,21429,56848,397,3807,4875
2024-10-09_15:43:26,9483,18961,37795,9440,21429,56848,397,3807,4875
2024-10-09_15:43:28,9622,18961,37799,9508,21429,56857,586,3807,4875
2024-10-09_15:43:30,9670,18961,37800,9313,21429,56862,384,3807,4875
2024-10-09_15:43:32,9657,18961,37800,9487,21429,56880,641,3807,4875
2024-10-09_15:43:34,9412,18961,37800,9432,21429,56881,397,3807,4875
2024-10-09_15:43:36,9494,18961,37800,9377,21429,56885,384,3807,4875
2024-10-09_15:43:38,9564,18961,37800,9411,21429,56887,397,3807,4875
2024-10-09_15:43:40,9412,18961,37800,9523,21429,56897,396,3807,4875
2024-10-09_15:43:43,9547,18961,37800,9427,21429,56898,397,3807,4875
2024-10-09_15:43:45,9485,18961,37800,9454,21429,56900,397,3807,4875
2024-10-09_15:43:47,9536,18961,37800,9325,21429,56900,397,3807,4875
2024-10-09_15:43:49,9423,18961,37800,9412,21429,56900,397,3807,4875
2024-10-09_15:43:51,9417,18961,37800,9510,21429,56900,397,3807,4875
2024-10-09_15:43:53,9380,18961,37800,9478,21429,56900,397,3807,4875
2024-10-09_15:43:55,9603,18961,37800,9541,21429,56912,397,3807,4875
2024-10-09_15:43:57,9434,18963,37802,9571,21429,56914,397,3807,4875
2024-10-09_15:43:59,9405,18963,37802,9496,21429,56932,397,3807,4875
2024-10-09_15:44:01,8357,18963,37804,8485,21429,56936,124,3807,4875
2024-10-09_15:44:03,8319,18963,37804,8526,21429,56938,124,3807,4875
2024-10-09_15:44:06,9477,18963,37804,9597,21429,56939,397,3807,4875
2024-10-09_15:44:08,9518,18963,37805,9493,21429,56945,397,3807,4875
2024-10-09_15:44:10,9666,18963,37812,9538,21429,56945,397,3807,4875
2024-10-09_15:44:12,9698,18963,37812,9720,21429,56945,584,3807,4878
2024-10-09_15:44:14,9490,18963,37812,9440,21429,56946,384,3807,4878
2024-10-09_15:44:16,9529,18963,37812,9301,21429,56946,384,3807,4878
2024-10-09_15:44:18,9447,18963,37812,9308,21429,56948,397,3807,4878
2024-10-09_15:44:20,9344,18963,37812,9563,21429,56950,397,3807,4878
2024-10-09_15:44:22,9784,18963,37821,9626,21429,56951,601,3807,4878
2024-10-09_15:44:24,9686,18963,37822,9289,21429,56955,396,3807,4878
2024-10-09_15:44:27,9423,18963,37822,8496,21429,56955,397,3807,4878
2024-10-09_15:44:29,8955,18963,37822,8518,21429,56966,124,3807,4878
2024-10-09_15:44:31,9553,18963,37822,9486,21429,56967,584,3807,4878
2024-10-09_15:44:33,9586,18963,37822,9467,21429,56967,586,3807,4878
2024-10-09_15:44:35,9570,18963,37853,9715,21429,57089,396,3807,4878
2024-10-09_15:44:37,9552,18963,37853,9514,21429,57090,397,3807,4878
2024-10-09_15:44:39,9539,18963,37854,9436,21429,57094,397,3807,4878
2024-10-09_15:44:41,9460,18963,37854,9369,21429,57094,384,3807,4878
2024-10-09_15:44:43,9666,18964,37855,9401,21429,57095,396,3807,4878
2024-10-09_15:44:45,9447,18964,37855,9416,21429,57096,397,3807,4878
2024-10-09_15:44:48,9534,18964,37855,9200,21429,57099,384,3807,4878
2024-10-09_15:44:50,9852,18964,37861,9913,21429,57106,640,3807,4878
2024-10-09_15:44:52,9392,18964,37864,9498,21429,57109,397,3807,4878
2024-10-09_15:44:54,9576,18964,37864,9501,21429,57111,397,3807,4878
2024-10-09_15:44:56,9185,18964,37864,8585,21429,57111,124,3807,4878
2024-10-09_15:44:58,9372,18964,37866,9417,21429,57152,397,3807,4878
2024-10-09_15:45:00,9525,18964,37866,9483,21429,57152,397,3807,4878
2024-10-09_15:45:02,9551,18964,37866,9528,21429,57153,397,3807,4878
2024-10-09_15:45:04,9468,18964,37866,9528,21429,57159,397,3807,4878
2024-10-09_15:45:07,9667,18964,37866,9423,21429,57170,397,3807,4878
2024-10-09_15:45:09,9413,18964,37866,9874,21429,57203,384,3807,4878
2024-10-09_15:45:11,9622,18964,37866,9418,21429,57207,384,3807,4878
2024-10-09_15:45:13,9406,18964,37866,8484,21429,57207,397,3807,4878
2024-10-09_15:45:15,9464,18964,37866,9455,21429,57220,397,3807,4878
2024-10-09_15:45:17,8976,18964,37866,8402,21429,57229,124,3807,4878
2024-10-09_15:45:19,9296,18964,37867,8695,21429,57298,124,3807,4878
2024-10-09_15:45:24,5399,18964,37901,4250,21429,57372,124,3807,4878
2024-10-09_15:45:26,8623,18964,37904,9498,21429,57381,584,3807,4878
2024-10-09_15:45:28,9541,18964,37904,9347,21429,57381,384,3807,4878
2024-10-09_15:45:30,9448,18964,37910,9351,21429,57381,384,3807,4878
2024-10-09_15:45:32,9516,18964,37911,9364,21429,57382,384,3807,4878
2024-10-09_15:45:35,8947,18964,37911,8380,21429,57382,31,3807,4878
2024-10-09_15:45:37,9410,18964,37911,9340,21429,57383,384,3807,4878
2024-10-09_15:45:39,9437,18964,37911,9450,21429,57385,397,3807,4878
2024-10-09_15:45:41,9506,18964,37911,8507,21429,57385,397,3807,4878
2024-10-09_15:45:43,9387,18964,37911,8539,21429,57385,397,3807,4878
2024-10-09_15:45:45,9460,18964,37911,9372,21429,57390,397,3807,4878
2024-10-09_15:45:47,9421,18964,37911,8443,21429,57390,384,3807,4878
2024-10-09_15:45:49,9623,18964,37911,9609,21444,57408,397,3807,4878
2024-10-09_15:45:51,9651,18971,37944,9475,21444,57411,397,3807,4878
2024-10-09_15:45:54,9583,18971,37944,9516,21444,57412,397,3807,4878
2024-10-09_15:45:56,9426,18971,37944,9461,21444,57412,397,3807,4878
2024-10-09_15:45:58,9598,18971,37945,9413,21444,57413,397,3807,4878
2024-10-09_15:46:00,9423,18971,37946,9583,21444,57417,397,3807,4878
2024-10-09_15:46:02,8068,18971,37946,8520,21444,57449,124,3807,4878
2024-10-09_15:46:04,9424,18971,37946,9646,21444,57449,397,3807,4878
2024-10-09_15:46:06,9492,18971,37946,9540,21444,57449,397,3807,4878
2024-10-09_15:46:08,9403,18971,37946,9668,21444,57456,397,3807,4878
2024-10-09_15:46:10,9374,18971,37946,9470,21444,57463,397,3807,4878
2024-10-09_15:46:13,9397,18971,37946,8577,21444,57476,397,3807,4878
2024-10-09_15:46:15,9427,18971,37946,9786,21444,57486,384,3807,4878
2024-10-09_15:46:17,9436,18971,37949,9546,21444,57487,397,3807,4878
2024-10-09_15:46:19,9400,18971,37949,9385,21444,57490,397,3807,4878
2024-10-09_15:46:21,9623,18971,37949,9445,21444,57491,397,3807,4878
2024-10-09_15:46:23,9725,18971,37957,9496,21444,57491,584,3807,4878
2024-10-09_15:46:25,8456,18971,37957,7545,21444,57491,124,3807,4878
2024-10-09_15:46:27,9424,18971,37957,9523,21444,57504,397,3807,4878
2024-10-09_15:46:29,8194,18971,37957,8435,21444,57505,124,3807,4878
2024-10-09_15:46:31,9627,18971,37957,9501,21444,57505,590,3807,4878
2024-10-09_15:46:33,9667,18971,37986,9430,21444,57505,397,3807,4878
2024-10-09_15:46:35,9492,18971,37986,9387,21444,57506,396,3807,4878
2024-10-09_15:46:37,9494,18971,37995,9332,21444,57510,384,3807,4878
2024-10-09_15:46:40,9486,18971,37995,9411,21444,57511,397,3807,4878
2024-10-09_15:46:42,9581,18971,37995,9394,21444,57511,579,3807,4878
2024-10-09_15:46:44,9428,18971,37998,9453,21444,57511,396,3807,4878
2024-10-09_15:46:46,9489,18971,37998,9390,21444,57512,397,3807,4878
2024-10-09_15:46:48,9555,18971,37998,8491,21444,57516,397,3807,4878
2024-10-09_15:46:50,9403,18971,37998,9446,21444,57517,397,3807,4878
2024-10-09_15:46:52,9555,18971,38003,9438,21444,57572,397,3807,4878
2024-10-09_15:46:54,9546,18971,38003,9370,21444,57575,397,3807,4878
2024-10-09_15:46:56,9435,18971,38003,8496,21444,57575,397,3807,4878
2024-10-09_15:46:58,9524,18971,38003,9659,21447,57587,397,3807,4878
2024-10-09_15:47:00,8113,18971,38003,8561,21447,57589,124,3807,4878
2024-10-09_15:47:02,9147,18971,38005,8559,21447,57590,124,3807,4878
2024-10-09_15:47:05,9397,18971,38005,9640,21447,57592,397,3807,4878
2024-10-09_15:47:07,8174,18977,38013,8538,21447,57592,124,3807,4878
2024-10-09_15:47:09,9393,18977,38013,9562,21447,57597,397,3807,4878
2024-10-09_15:47:11,8467,18977,38013,8553,21447,57600,124,3807,4878
2024-10-09_15:47:13,9294,18977,38147,8672,21447,57622,31,3807,4878
2024-10-09_15:47:18,5404,18977,38147,5636,21447,57658,31,3807,4878
2024-10-09_15:47:20,8420,18977,38150,9461,21447,57698,397,3807,4878
2024-10-09_15:47:22,9477,18977,38150,9590,21447,57711,384,3807,4878
2024-10-09_15:47:24,8157,18977,38150,7578,21447,57711,31,3807,4878
2024-10-09_15:47:26,9417,18977,38150,9407,21447,57711,384,3807,4878
2024-10-09_15:47:31,11905,18999,38201
2024-10-09_15:47:41,13948,19005,38453,17863,21449,57847,2660,3807,4895
2024-10-09_15:47:43,9342,19006,38469,8412,21449,57849,405,3807,4895
2024-10-09_15:47:45,9791,19006,38479,9300,21449,57855,376,3807,4895
2024-10-09_15:47:47,8269,19006,38518,7368,21449,57855,31,3807,4895
2024-10-09_15:47:49,9795,19006,38522,9444,21449,57897,389,3807,4895
2024-10-09_15:47:52,9947,19006,38535,9381,21449,57912,506,3807,4897
2024-10-09_15:47:54,9469,19006,38535,9492,21449,57916,393,3807,4897
2024-10-09_15:47:56,9461,19006,38535,9391,21449,57924,393,3807,4897
2024-10-09_15:47:58,9922,19006,38543,9439,21449,57994,575,3807,4905
2024-10-09_15:48:00,8269,19006,38543,7376,21449,57994,31,3807,4905
2024-10-09_15:48:02,9429,19006,38543,9662,21449,57995,393,3807,4905
2024-10-09_15:48:04,9795,19006,38546,9295,21453,58020,380,3807,4905
2024-10-09_15:48:06,8239,19006,38570,8614,21454,58024,146,3807,4924
2024-10-09_15:48:08,9775,19006,38686,9507,21454,58028,393,3807,4924
2024-10-09_15:48:10,9374,19006,38686,8438,21454,58028,380,3807,4924
2024-10-09_15:48:12,9948,19006,38686,9359,21454,58029,393,3807,4924
2024-10-09_15:48:14,9815,19006,38688,9762,21454,58042,393,3807,4924
2024-10-09_15:48:16,9375,19006,38688,9479,21454,58043,393,3807,4924
2024-10-09_15:48:19,9939,19018,38849,10153,21462,58329,1023,3807,4928
2024-10-09_15:48:21,9762,19018,38849,9508,21465,58348,384,3809,4930
2024-10-09_15:48:23,9223,19018,38851,8601,21465,58356,124,3809,4930
2024-10-09_15:48:28,5365,19018,39003,4705,21465,58425,124,3809,4930
2024-10-09_15:48:30,8792,19018,39040,9771,21480,58460,384,3809,4930
2024-10-09_15:48:32,9801,19018,39040,9621,21480,58469,384,3809,4930
2024-10-09_15:48:34,8268,19018,39042,8485,21480,58469,124,3809,4930
2024-10-09_15:48:36,7991,19018,39042,8421,21480,58471,146,3809,4930
2024-10-09_15:48:38,9835,19020,39130,9591,21480,58475,384,3809,4930
2024-10-09_15:48:40,9933,19020,39132,9547,21480,58482,579,3809,4930
2024-10-09_15:48:42,9327,19020,39132,8515,21480,58482,397,3809,4930
2024-10-09_15:48:44,9785,19020,39137,9534,21480,58514,641,3809,4930
2024-10-09_15:48:46,9561,19023,39141,9647,21484,58589,384,3809,4930
2024-10-09_15:48:49,9395,19023,39141,9354,21484,58589,384,3809,4930
2024-10-09_15:48:51,8125,19023,39141,7447,21484,58589,31,3809,4930
2024-10-09_15:48:53,9361,19023,39141,9327,21484,58589,384,3809,4930
2024-10-09_15:48:55,9351,19023,39141,9461,21484,58589,397,3809,4930
2024-10-09_15:48:57,9345,19023,39141,9494,21484,58591,397,3809,4930
2024-10-09_15:48:59,9465,19023,39141,9305,21484,58591,397,3809,4930
2024-10-09_15:49:01,9360,19023,39141,8577,21484,58591,397,3809,4930
2024-10-09_15:49:03,9859,19023,39148,9588,21484,58609,630,3809,4930
2024-10-09_15:49:05,9691,19023,39154,9620,21484,58615,397,3809,4930
2024-10-09_15:49:07,9523,19023,39154,9603,21484,58619,397,3809,4930
2024-10-09_15:49:10,8173,19023,39155,8448,21484,58619,124,3809,4930
2024-10-09_15:49:12,9411,19023,39155,9434,21484,58619,397,3809,4930
2024-10-09_15:49:14,9301,19023,39168,8585,21484,58640,397,3809,4930
2024-10-09_15:49:16,9700,19023,39169,9446,21484,58643,384,3809,4930
2024-10-09_15:49:18,9387,19023,39195,9452,21484,58643,397,3809,4930
2024-10-09_15:49:20,9451,19023,39195,9599,21484,58646,397,3809,4930
2024-10-09_15:49:22,9354,19023,39195,9341,21484,58646,384,3809,4930
2024-10-09_15:49:24,9441,19023,39216,9428,21484,58646,397,3809,4930
2024-10-09_15:49:26,9702,19023,39216,8461,21484,58647,384,3809,4930
2024-10-09_15:49:28,9663,19023,39216,9432,21484,58650,384,3809,4930
2024-10-09_15:49:31,9538,19023,39216,9774,21484,58653,584,3809,4930
2024-10-09_15:49:33,9857,19023,39220,9682,21484,58689,397,3809,4930
2024-10-09_15:49:35,9729,19023,39222,9543,21484,58692,397,3809,4930
2024-10-09_15:49:37,9587,19046,39248,8730,21484,58693,584,3809,4930
2024-10-09_15:49:39,9771,19046,39251,9426,21484,58694,397,3809,4930
2024-10-09_15:49:41,9917,19046,39252,9957,21484,58704,405,3809,4930
2024-10-09_15:49:43,9683,19046,39254,9476,21484,58708,399,3809,4930
2024-10-09_15:49:45,9334,19046,39255,9693,21485,58713,397,3809,4930
2024-10-09_15:49:47,9887,19046,39258,9673,21485,58725,584,3809,4930
2024-10-09_15:49:50,9260,19046,39258,9519,21485,58733,396,3809,4930
2024-10-09_15:49:52,9846,19046,39258,9728,21485,58739,397,3809,4930
2024-10-09_15:49:54,9745,19046,39258,9417,21485,58740,384,3809,4930
2024-10-09_15:49:56,8670,19046,39259,8648,21485,58740,124,3809,4930
2024-10-09_15:49:58,9547,19046,39259,9655,21489,58744,397,3809,4930
2024-10-09_15:50:00,9361,19046,39259,9488,21489,58754,384,3809,4930
2024-10-09_15:50:02,9351,19046,39259,8513,21489,58756,397,3809,4930
2024-10-09_15:50:04,9654,19046,39260,9630,21489,58757,645,3809,4930
2024-10-09_15:50:06,9503,19046,39262,8448,21489,58757,384,3809,4930
2024-10-09_15:50:09,9859,19046,39266,9692,21489,58776,384,3809,4930
2024-10-09_15:50:11,9762,19046,39297,9583,21489,58776,397,3809,4930
2024-10-09_15:50:13,9295,19046,39298,8764,21489,58779,124,3809,4930
2024-10-09_15:50:18,5354,19046,39336,4227,21489,58818,124,3809,4930
2024-10-09_15:50:20,8279,19046,39388,8414,21489,58854,384,3809,4930
2024-10-09_15:50:22,9820,19046,39389,9431,21489,58861,384,3809,4930
2024-10-09_15:50:24,9586,19046,39389,9396,21489,58864,384,3809,4930
2024-10-09_15:50:26,9430,19046,39389,9551,21489,58872,397,3809,4930
2024-10-09_15:50:28,9974,19046,39395,9752,21489,58876,584,3809,4930
2024-10-09_15:50:30,9340,19046,39397,9521,21489,58877,384,3809,4930
2024-10-09_15:50:32,9475,19046,39397,8512,21489,58877,397,3809,4930
2024-10-09_15:50:35,9779,19046,39397,9474,21489,58877,397,3809,4930
2024-10-09_15:50:37,9704,19046,39397,9226,21489,58881,384,3809,4930
2024-10-09_15:50:39,9428,19046,39397,9536,21489,58881,397,3809,4930
2024-10-09_15:50:41,9397,19046,39397,9506,21489,58886,397,3809,4930
2024-10-09_15:50:43,9928,19046,39397,9348,21489,58887,384,3809,4930
2024-10-09_15:50:45,9467,19046,39397,9514,21489,58887,397,3809,4930
2024-10-09_15:50:50,9351,19046,39414,8567,21489,59193,384,3809,4930