
2024-10-08_09:23:10,18601,18601,18601,17073,17073,17073,3212,3212,3212
2024-10-08_09:23:11,11435,20241,23120,13053,17632,19251,1450,3734,4012
2024-10-08_09:23:11,11413,20253,23757,13074,17653,19573,1449,3736,4017
2024-10-08_09:23:12,11425,20263,24774,13047,17696,20597,1452,3736,4017
2024-10-08_09:23:13,10969,20324,24961,13028,17696,20877,1459,3736,4032
2024-10-08_09:23:15,8978,20558,30673,8240,17860,23570,594,3736,4279
2024-10-08_09:23:17,10426,20644,34230,9886,17947,25445,1215,3736,4327
2024-10-08_09:23:18,10342,20663,34457,13045,17947,25974,1119,3772,4374
2024-10-08_09:23:18,10577,20670,34859,13018,17947,26061,1379,3772,4377
2024-10-08_09:23:19,10612,20701,35193,13060,17948,26121,1377,3779,4384
2024-10-08_09:23:21,8802,20741,37372,9683,17948,27690,784,3781,4481
2024-10-08_09:23:22,9668,20781,37599,12959,17949,27704,1142,3790,4499
2024-10-08_09:23:24,8824,20835,37906,9927,17956,27841,939,3824,4586
2024-10-08_09:23:24,10539,20850,38199,13044,17956,27864,1147,3824,4589
2024-10-08_09:23:26,8270,20864,40209,9496,17964,28603
2024-10-08_09:23:36,18580,20864,40441,17028,17964,28852,3193,3826,4595
2024-10-08_09:23:38,7683,20865,40749,8211,17964,28881,365,3886,4718
2024-10-08_09:23:40,8744,20872,41293,9378,17964,28907,31,3886,4718
2024-10-08_09:23:42,10142,20905,41810,10244,17991,29097,1110,3886,4718
2024-10-08_09:23:43,10323,20914,41852,13050,17991,29137,1111,3886,4718
2024-10-08_09:23:45,8758,20914,42044,9913,17991,29158,951,3886,4718
2024-10-08_09:23:45,9833,20914,42093,12981,17991,29184,1134,3886,4718
2024-10-08_09:23:47,8096,20928,42333,8239,17992,29234,607,3886,4718
2024-10-08_09:23:49,9900,20990,42971,9701,18005,29284,630,3891,4741
2024-10-08_09:23:52,8628,20990,43932,9563,18005,29431,455,3895,4753
2024-10-08_09:23:52,9891,20994,44022,13007,18005,29583,1139,3895,4753
2024-10-08_09:23:53,10408,20997,44060,13024,18006,29600,1392,3895,4753
2024-10-08_09:23:55,8859,21085,44494,9774,18064,31621,927,3903,4786
2024-10-08_09:23:56,10467,21085,44567,13012,18064,31642,1147,3903,4786
2024-10-08_09:23:57,10239,21091,44634,13028,18064,31663,1238,3903,4786
2024-10-08_09:23:59,8005,21105,45195,8264,18067,31891,553,3903,4796
2024-10-08_09:23:59,9907,21105,45202,13029,18067,31945,1142,3903,4796
2024-10-08_09:24:01,10557,21177,45369,9993,18067,31994,1392,3903,4796
2024-10-08_09:24:03,9273,21186,46066,8132,18067,32012,126,3903,4833
2024-10-08_09:24:06,9555,21186,46082,9551,18068,32047,475,3904,4834
2024-10-08_09:24:06,9850,21228,46857,13045,18068,32058,1125,3904,4834
2024-10-08_09:24:07,10561,21249,47442,13007,18068,32208,1361,3906,4838
2024-10-08_09:24:09,9893,21261,47697,9763,18068,32473,926,3906,4897
2024-10-08_09:24:11,9215,21272,48800,8141,18068,32482,31,3906,4897
2024-10-08_09:24:12,10550,21430,49178,13032,18092,32515,1145,3906,4897
2024-10-08_09:24:13,11582,21430,49433,13069,18111,32743,1396,3906,4904
2024-10-08_09:24:15,9146,21437,49505,8211,18111,32752,597,3906,4904
2024-10-08_09:24:17,10565,21444,49592,10280,18111,32818,1151,3906,4904
2024-10-08_09:24:19,8644,21446,49634,8090,18111,32823,123,3906,4904
2024-10-08_09:24:22,9705,21446,49714,9552,18111,32833,459,3906,4904
2024-10-08_09:24:22,9833,21446,49830,12957,18111,32839,1123,3906,4921
2024-10-08_09:24:24,8779,21446,49845,9752,18111,32853,924,3906,4924
2024-10-08_09:24:25,11468,21447,49938,13047,18111,32875,1150,3906,4924
2024-10-08_09:24:27,8884,21447,50040,9696,18111,32909,924,3906,4924
2024-10-08_09:24:29,9886,21447,50089,9586,18111,32918,396,3906,4932
2024-10-08_09:24:30,10374,21447,50092,13052,18111,32919,1149,3906,4932
2024-10-08_09:24:32,10712,21447,50126,10342,18111,32921,1396,3906,4935
2024-10-08_09:24:34,9691,21450,50221,9591,18111,32942,458,3906,4935
2024-10-08_09:24:36,9447,21454,50234,10274,18111,32961,1127,3906,4950
2024-10-08_09:24:38,9380,21454,50278,9843,18111,32981,1133,3906,4950
2024-10-08_09:24:40,9198,21457,50316,8130,18111,32982,146,3906,5024
2024-10-08_09:24:41,10625,21457,50386,12890,18111,33001,1128,3906,5024
2024-10-08_09:24:43,9435,21457,50460,8216,18111,33005,602,3906,5029
2024-10-08_09:24:46,8676,21464,50545,7997,18111,33019,124,3906,5055
2024-10-08_09:24:48,11519,21479,50637,12981,18112,33147,1155,3906,5055
2024-10-08_09:24:51,11221,21479,50669,12997,18112,33256,1133,3906,5055
2024-10-08_09:24:53,9613,21479,50681,9663,18112,33256,402,3906,5055
2024-10-08_09:24:55,7869,21479,50814,7965,18112,33263,124,3906,5055
2024-10-08_09:24:57,7468,21479,50898,7856,18112,33263,31,3906,5055
2024-10-08_09:24:59,9770,21487,50930,9647,18112,33265,585,3906,5058
2024-10-08_09:25:02,6653,21493,50965,7960,18112,33265,31,3906,5058
2024-10-08_09:25:02,10955,21493,51605,13030,18112,33452,1124,3906,5058
2024-10-08_09:25:03,10578,21493,51611,13023,18112,33452,1391,3906,5058
2024-10-08_09:25:05,9886,21496,51631,9733,18112,33452,925,3906,5061
2024-10-08_09:25:07,9726,21499,51640,9779,18113,33455,633,3906,5061
2024-10-08_09:25:09,7857,21502,51660,8129,18113,33455,123,3906,5061
2024-10-08_09:25:11,9512,21502,51704,9586,18113,33458,459,3906,5061
2024-10-08_09:25:13,6344,21502,51743,7961,18113,33459,31,3906,5061
2024-10-08_09:25:15,8389,21502,51759,7977,18113,33484,31,3906,5061
2024-10-08_09:25:17,7969,21617,51954,7956,18113,33491,123,3906,5061
2024-10-08_09:25:20,9761,21623,51970,9587,18113,33503,397,3906,5061
2024-10-08_09:25:22,10371,21624,51998,9844,18113,33503,1140,3906,5061
2024-10-08_09:25:24,9548,21624,52002,9573,18113,33528,458,3906,5061
2024-10-08_09:25:26,6373,21624,52196,8007,18113,33528,31,3906,5061
2024-10-08_09:25:28,10196,21624,52217,9854,18113,33528,1122,3906,5071
2024-10-08_09:25:30,7567,21624,52231,7953,18113,33528,31,3906,5071
2024-10-08_09:25:32,8584,21624,52247,7977,18113,33528,124,3906,5071
2024-10-08_09:25:34,8970,21624,52281,7987,18113,33531,123,3906,5071
2024-10-08_09:25:36,6520,21630,52311,7865,18113,33531,124,3906,5071
2024-10-08_09:25:38,8514,21648,52352,7998,18113,33531,31,3906,5071
2024-10-08_09:25:40,6508,21648,52361,7820,18113,33531,124,3906,5071
2024-10-08_09:25:42,7498,21651,52385,7849,18113,33531,31,3906,5071
2024-10-08_09:25:45,7679,21654,52414,7820,18113,33531,31,3906,5071
2024-10-08_09:25:47,8025,21657,52508,7998,18113,33532,31,3906,5071
2024-10-08_09:25:49,6319,21663,52547,7820,18113,33532,31,3906,5071
2024-10-08_09:25:51,7797,21706,52627,7846,18113,33553,77,3906,5094
2024-10-08_09:25:53,8508,21730,52696,7973,18113,33561,31,3906,5094
2024-10-08_09:25:55,6552,21743,52859,7850,18113,33568,31,3906,5094
2024-10-08_09:25:57,8465,21773,53046,7990,18113,33568,31,3906,5094
2024-10-08_09:25:59,6553,21773,53065,7860,18113,33569,31,3906,5094
2024-10-08_09:26:01,8616,21773,53082,7960,18113,33569,31,3906,5094
2024-10-08_09:26:03,8293,21773,53092,7991,18113,33569,31,3906,5094
2024-10-08_09:26:05,6496,21773,53118,7860,18113,33569,31,3906,5094
2024-10-08_09:26:07,8633,21788,53196,7990,18113,33569,31,3906,5094
2024-10-08_09:26:09,7755,21788,53217,7963,18113,33569,31,3906,5094
2024-10-08_09:26:11,7497,21794,53266,7968,18113,33571,31,3906,5094
2024-10-08_09:26:14,8435,21794,53293,7952,18113,33572,31,3906,5094
2024-10-08_09:26:16,6554,21794,53332,7860,18113,33577,31,3906,5094
2024-10-08_09:26:18,8452,21794,53352,7988,18113,33577,31,3906,5094
2024-10-08_09:26:20,6545,21794,53385,7866,18113,33577,31,3906,5094
2024-10-08_09:26:22,6201,21794,53467,7818,18113,33577,31,3906,5094
2024-10-08_09:26:24,6203,21794,53487,7849,18113,33582,31,3906,5094
2024-10-08_09:26:26,6202,21794,53543,7860,18113,33584,31,3906,5094
2024-10-08_09:26:28,8482,21794,53554,7957,18113,33588,31,3906,5094
2024-10-08_09:26:30,8396,21794,53563,7987,18113,33590,31,3906,5094
2024-10-08_09:26:32,8419,21794,53581,8003,18113,33590,31,3906,5094
2024-10-08_09:26:34,7743,21794,53583,7988,18113,33599,31,3906,5094
2024-10-08_09:26:36,6213,21794,53623,7846,18113,33599,31,3906,5094
2024-10-08_09:26:38,6193,21794,53629,7828,18113,33599,31,3906,5094
2024-10-08_09:26:41,8615,21794,53667,7957,18113,33606,31,3906,5094
2024-10-08_09:26:43,6551,21794,53667,7866,18113,33613,31,3906,5094
2024-10-08_09:26:45,7451,21794,53669,7972,18113,33613,31,3906,5094
2024-10-08_09:26:47,7639,21794,53683,7956,18113,33613,31,3906,5094
2024-10-08_09:26:49,6625,21794,54381,7846,18113,33647,31,3906,5094
2024-10-08_09:26:51,7721,21794,54385,7959,18113,33647,31,3906,5094
2024-10-08_09:26:51,10267,21794,54402,13001,18113,33650,1126,3906,5094
2024-10-08_09:26:54,7505,21794,54408,8081,18113,33657,597,3906,5095
2024-10-08_09:26:56,7430,21794,54409,7964,18113,33658,31,3906,5095
2024-10-08_09:26:58,7437,21794,54435,7829,18113,33659,298,3914,5110
2024-10-08_09:27:00,6251,21794,54444,7818,18113,33659,31,3914,5110
2024-10-08_09:27:02,7693,21796,54458,7989,18113,33660,31,3914,5110
2024-10-08_09:27:04,6211,21796,54460,7842,18113,33661,31,3914,5110
2024-10-08_09:27:06,7743,21796,54465,7988,18113,33661,31,3914,5110
2024-10-08_09:27:08,8451,21796,54476,7989,18113,33664,31,3914,5110
2024-10-08_09:27:10,6515,21797,54489,7862,18113,33664,31,3914,5110
2024-10-08_09:27:12,7572,21797,54551,7954,18113,33664,31,3914,5110
2024-10-08_09:27:14,6575,21797,54554,7861,18113,33665,31,3914,5110
2024-10-08_09:27:17,6225,21797,54557,7863,18113,33671,31,3914,5110
2024-10-08_09:27:19,8415,21797,54604,9578,18113,33671,454,3914,5110
2024-10-08_09:27:21,7575,21797,54606,8100,18113,33671,31,3914,5110
2024-10-08_09:27:23,7752,21797,54676,8006,18113,33671,31,3914,5110
2024-10-08_09:27:25,6342,21797,54707,7853,18113,33671,31,3914,5110
2024-10-08_09:27:27,8516,21797,54740,7957,18113,33671,31,3914,5110
2024-10-08_09:27:29,6475,21797,54754,7812,18113,33671,31,3914,5110
2024-10-08_09:27:31,7738,21797,54763,7967,18113,33671,124,3914,5110
2024-10-08_09:27:33,8544,21797,55012,7986,18113,33672,31,3914,5110
2024-10-08_09:27:35,6462,21797,55020,7849,18113,33672,31,3914,5110
2024-10-08_09:27:37,7657,21797,55032,8006,18113,33674,31,3914,5110
2024-10-08_09:27:39,7670,21797,55043,7992,18113,33674,31,3914,5110
2024-10-08_09:27:42,6596,21797,55043,7846,18113,33674,31,3914,5110
2024-10-08_09:27:44,7749,21797,55043,7996,18113,33675,31,3914,5110
2024-10-08_09:27:44,9766,21797,55069,13001,18113,33679,1105,3914,5110
2024-10-08_09:27:46,7931,21797,55070,8207,18113,33680,345,3914,5110
2024-10-08_09:27:49,8663,21797,55072,7971,18113,33683,31,3914,5110
2024-10-08_09:27:51,6564,21797,55079,7850,18113,33683,31,3914,5110
2024-10-08_09:27:53,8540,21797,55080,7992,18113,33689,31,3914,5110
2024-10-08_09:27:55,8574,21797,55091,7998,18113,33689,31,3914,5110
2024-10-08_09:27:57,8711,21797,55100,7989,18113,33689,31,3914,5110
2024-10-08_09:27:59,8775,21798,55113,7953,18113,33692,31,3914,5110
2024-10-08_09:28:01,6591,21798,55117,7832,18113,33695,31,3914,5110
2024-10-08_09:28:03,6198,21798,55118,7860,18113,33695,31,3914,5110
2024-10-08_09:28:05,6212,21798,55120,7850,18113,33696,31,3914,5110
2024-10-08_09:28:07,6203,21798,55120,7850,18113,33696,31,3914,5110
2024-10-08_09:28:10,8524,21798,55131,7964,18113,33696,77,3914,5110
2024-10-08_09:28:12,8990,21810,55199,9369,18113,33699,187,3917,5154
2024-10-08_09:28:14,8503,21810,55225,8093,18113,33699,31,3917,5154
2024-10-08_09:28:16,8449,21810,55250,7974,18113,33699,31,3917,5154
2024-10-08_09:28:18,8430,21811,55260,7987,18113,33699,31,3917,5154
2024-10-08_09:28:20,8347,21811,55263,7997,18113,33699,31,3917,5154
2024-10-08_09:28:22,8358,21811,55264,7998,18113,33699,31,3917,5154
2024-10-08_09:28:24,8419,21811,55266,7987,18113,33699,31,3917,5154
2024-10-08_09:28:26,8484,21811,55267,7991,18113,33701,31,3917,5154
2024-10-08_09:28:28,8414,21811,55305,8006,18113,33703,31,3917,5154
2024-10-08_09:28:30,8407,21811,55308,7987,18113,33703,31,3917,5154
2024-10-08_09:28:32,8383,21811,55309,7987,18113,33703,31,3917,5154
2024-10-08_09:28:34,8539,21811,55315,7996,18114,33705,31,3917,5154
2024-10-08_09:28:35,11121,21811,55323,13034,18114,33834,1124,3917,5156
2024-10-08_09:28:37,8454,21811,55325,8220,18114,33834,298,3920,5178
2024-10-08_09:28:39,8548,21811,55328,8006,18114,33834,124,3920,5178
2024-10-08_09:28:41,8814,21811,55331,7959,18114,33836,31,3920,5178
2024-10-08_09:28:43,9573,21811,55339,9533,18114,33836,397,3920,5178
2024-10-08_09:28:45,7812,21811,55342,8100,18114,33836,31,3920,5178
2024-10-08_09:28:48,8416,21811,55360,8005,18114,33836,31,3920,5178
2024-10-08_09:28:50,9056,21812,55378,7991,18114,33840,31,3920,5178
2024-10-08_09:28:52,8515,21812,55390,8004,18114,33840,124,3920,5178
2024-10-08_09:28:54,10412,21813,55426,10226,18114,33841,1122,3920,5178
2024-10-08_09:28:56,7710,21813,55428,8091,18114,33841,31,3920,5178
2024-10-08_09:28:58,8663,21815,55560,7967,18114,33841,31,3920,5178
2024-10-08_09:29:00,8483,21815,55561,7998,18114,33841,31,3920,5178
2024-10-08_09:29:01,10619,21815,55658,13059,18115,33853,1129,3920,5178
2024-10-08_09:29:03,9073,21815,55687,8195,18116,33854,597,3920,5178
2024-10-08_09:29:05,6477,21815,55687,7870,18116,33854,123,3920,5178
2024-10-08_09:29:07,9209,21815,55698,7999,18116,33854,298,3920,5178
2024-10-08_09:29:09,8524,21815,55699,7959,18116,33854,31,3920,5178
2024-10-08_09:29:11,8428,21815,55702,7999,18116,33854,31,3920,5178
2024-10-08_09:29:13,8661,21815,55709,7956,18116,33875,31,3920,5178
2024-10-08_09:29:16,8376,21815,55711,7957,18116,33875,31,3920,5178
2024-10-08_09:29:18,8783,21815,55712,7972,18116,33875,31,3920,5178
2024-10-08_09:29:20,8727,21819,55720,7956,18116,33875,31,3920,5178
2024-10-08_09:29:22,8436,21819,55748,7956,18116,33875,31,3920,5178
2024-10-08_09:29:24,8563,21820,55750,7968,18116,33875,31,3920,5178
2024-10-08_09:29:26,8673,21820,55751,7971,18117,33876,31,3920,5178
2024-10-08_09:29:28,8547,21820,55758,7988,18117,33876,31,3920,5178
2024-10-08_09:29:30,8360,21820,55758,7987,18117,33876,31,3920,5178
2024-10-08_09:29:32,8358,21820,55761,7966,18117,33876,31,3920,5178
2024-10-08_09:29:34,8441,21820,55762,7991,18117,33876,31,3920,5178
2024-10-08_09:29:36,8438,21820,55764,7990,18117,33876,31,3920,5178
2024-10-08_09:29:38,8448,21820,55766,7959,18117,33876,31,3920,5178
2024-10-08_09:29:40,8520,21820,55767,7970,18117,33876,31,3920,5178
2024-10-08_09:29:43,8307,21820,55773,7954,18117,33876,31,3920,5178
2024-10-08_09:29:45,8400,21820,55774,8006,18117,33876,31,3920,5178
2024-10-08_09:29:47,8427,21820,55791,7989,18117,33877,31,3920,5178
2024-10-08_09:29:49,9332,21820,55821,9547,18117,33879,454,3920,5178
2024-10-08_09:29:51,8473,21820,55823,8108,18117,33879,31,3920,5178
2024-10-08_09:29:53,8386,21820,55825,7977,18117,33896,31,3920,5178
2024-10-08_09:29:55,8435,21820,55826,7993,18117,33896,31,3920,5178
2024-10-08_09:29:57,8344,21820,55826,7972,18117,33898,31,3920,5178
2024-10-08_09:29:59,8391,21820,55826,7999,18117,33898,31,3920,5178
2024-10-08_09:30:01,8507,21820,55829,7985,18117,33898,124,3920,5178
2024-10-08_09:30:03,8456,21820,55832,7986,18117,33898,31,3920,5178
2024-10-08_09:30:05,9587,21820,55881,9656,18117,33900,525,3920,5178
2024-10-08_09:30:07,7666,21820,55888,8099,18117,33906,31,3920,5178
2024-10-08_09:30:09,7723,21820,55977,7998,18117,33906,31,3920,5178
2024-10-08_09:30:12,8480,21820,55984,7972,18117,33906,31,3920,5178
2024-10-08_09:30:14,8638,21820,56007,7998,18117,33906,124,3920,5178
2024-10-08_09:30:16,8653,21820,56012,7954,18117,33906,31,3920,5178
2024-10-08_09:30:18,8695,21821,56018,7969,18117,33906,31,3920,5178
2024-10-08_09:30:20,8472,21821,56022,7986,18117,33906,31,3920,5178
2024-10-08_09:30:22,8568,21821,56026,7986,18117,33906,31,3920,5178
2024-10-08_09:30:24,8518,21821,56035,7999,18117,33906,31,3920,5178
2024-10-08_09:30:26,8446,21821,56047,7987,18117,33906,31,3920,5178
2024-10-08_09:30:28,8407,21821,56056,7958,18117,33906,31,3920,5178
2024-10-08_09:30:30,8378,21821,56072,7999,18117,33906,31,3920,5178
2024-10-08_09:30:33,8670,21821,56076,7998,18118,33910,31,3920,5178
2024-10-08_09:30:35,8425,21821,56078,7951,18118,33912,31,3920,5178
2024-10-08_09:30:37,8462,21821,56083,7949,18118,33912,31,3920,5178
2024-10-08_09:30:39,8324,21821,56084,7975,18118,33912,31,3920,5178
2024-10-08_09:30:41,8530,21821,56084,7955,18118,33912,31,3920,5178
2024-10-08_09:30:43,8509,21821,56088,7957,18118,33912,31,3920,5178
2024-10-08_09:30:45,10111,21821,56093,10245,18118,33912,1143,3920,5180
2024-10-08_09:30:47,7485,21821,56105,8105,18118,33912,31,3920,5180
2024-10-08_09:30:49,7506,21821,56149,7994,18118,33912,31,3920,5180
2024-10-08_09:30:51,7496,21821,56149,8000,18118,33914,31,3920,5180
2024-10-08_09:30:53,8695,21821,56153,7957,18118,33914,31,3920,5180
2024-10-08_09:30:55,8395,21821,56154,7989,18118,33914,31,3920,5180
2024-10-08_09:30:57,8624,21821,56157,7998,18118,33914,124,3920,5180
2024-10-08_09:31:00,8532,21821,56179,7990,18118,33914,31,3920,5180
2024-10-08_09:31:02,8647,21821,56182,7959,18118,33915,31,3920,5180
2024-10-08_09:31:04,8438,21821,56183,8005,18118,33915,31,3920,5180
2024-10-08_09:31:06,8649,21821,56185,8005,18118,33915,31,3920,5180
2024-10-08_09:31:08,8703,21821,56189,7988,18118,33916,31,3920,5180
2024-10-08_09:31:10,7750,21829,56242,7955,18118,33916,31,3920,5180
2024-10-08_09:31:12,8519,21829,56242,7998,18118,33917,31,3920,5180
2024-10-08_09:31:14,8372,21829,56246,7984,18118,33917,31,3920,5180
2024-10-08_09:31:16,8409,21829,56248,7958,18118,33918,31,3920,5180
2024-10-08_09:31:18,8532,21829,56249,8000,18118,33918,31,3920,5180
2024-10-08_09:31:20,8491,21829,56250,7997,18118,33918,31,3920,5180
2024-10-08_09:31:23,8416,21829,56252,7986,18118,33918,31,3920,5180
2024-10-08_09:31:25,8450,21829,56257,7967,18118,33918,31,3920,5180
2024-10-08_09:31:27,8521,21829,56266,7989,18118,33918,31,3920,5180
2024-10-08_09:31:29,8629,21829,56266,7957,18118,33918,31,3920,5180
2024-10-08_09:31:31,8513,21829,56266,8014,18118,33918,31,3920,5180
2024-10-08_09:31:33,8465,21829,56273,7991,18118,33918,31,3920,5180
2024-10-08_09:31:35,7736,21829,56278,7986,18118,33918,31,3920,5180
2024-10-08_09:31:37,7644,21829,56438,7997,18118,33918,31,3920,5180
2024-10-08_09:31:39,8317,21829,56440,8000,18118,33918,31,3920,5180
2024-10-08_09:31:41,7685,21829,56466,7999,18118,33921,31,3920,5180
2024-10-08_09:31:43,7492,21829,56470,7988,18118,33921,31,3920,5180
2024-10-08_09:31:46,7803,21829,56485,7999,18118,33921,31,3920,5180
2024-10-08_09:31:48,8292,21829,56487,7955,18118,33921,31,3920,5180
2024-10-08_09:31:50,7904,21829,56504,7990,18118,33921,31,3920,5180
2024-10-08_09:31:52,8451,21829,56507,7967,18118,33921,31,3920,5180
2024-10-08_09:31:54,8459,21829,56508,7966,18118,33921,31,3920,5180
2024-10-08_09:31:56,8468,21829,56512,7991,18118,33921,31,3920,5180
2024-10-08_09:31:58,8369,21829,56519,8050,18124,33927,31,3920,5180
2024-10-08_09:32:00,8576,21829,56525,7957,18124,33928,31,3920,5180
2024-10-08_09:32:02,8448,21829,56526,7988,18124,33928,31,3920,5180
2024-10-08_09:32:04,8429,21829,56527,7997,18124,33928,31,3920,5180
2024-10-08_09:32:06,8453,21829,56527,7987,18124,33928,31,3920,5180
2024-10-08_09:32:08,7836,21829,56529,7955,18124,33937,31,3920,5180
2024-10-08_09:32:10,7440,21829,56531,8001,18124,33940,31,3920,5180
2024-10-08_09:32:13,7547,21829,56534,7968,18124,33940,31,3920,5180
2024-10-08_09:32:15,7749,21829,56535,7983,18124,33940,31,3920,5180
2024-10-08_09:32:17,7652,21829,56537,7991,18124,33940,31,3920,5180
2024-10-08_09:32:19,8442,21829,56558,7967,18124,33940,31,3920,5180
2024-10-08_09:32:21,8510,21829,56560,7987,18124,33940,31,3920,5180
2024-10-08_09:32:23,7846,21829,56561,7986,18124,33940,31,3920,5180
2024-10-08_09:32:25,8492,21829,56561,8004,18124,33940,31,3920,5180
2024-10-08_09:32:27,7765,21829,56564,7998,18124,33940,31,3920,5180
2024-10-08_09:32:29,7707,21829,56564,7950,18124,33940,31,3920,5180
2024-10-08_09:32:31,7518,21829,56565,8001,18124,33942,77,3920,5180
2024-10-08_09:32:33,7690,21829,56567,7957,18124,33942,31,3920,5180
2024-10-08_09:32:35,8098,21829,56571,7983,18124,33942,31,3920,5180
2024-10-08_09:32:37,8490,21829,56573,7968,18124,33942,31,3920,5180
2024-10-08_09:32:39,8461,21829,56575,7960,18124,33942,31,3920,5180
2024-10-08_09:32:42,8496,21829,56576,7955,18124,33942,31,3920,5180
2024-10-08_09:32:44,8478,21829,56578,8001,18124,33942,31,3920,5180
2024-10-08_09:32:46,8445,21829,56582,8001,18124,33942,31,3920,5180
2024-10-08_09:32:48,7850,21829,56606,7959,18124,33942,31,3920,5180
2024-10-08_09:32:50,7784,21829,56606,7958,18124,33944,31,3920,5180
2024-10-08_09:32:52,8474,21829,56606,7973,18124,33945,31,3920,5180
2024-10-08_09:32:54,7729,21829,56639,7958,18124,33945,31,3920,5180
2024-10-08_09:32:56,7502,21829,56641,7986,18124,33954,31,3920,5180
2024-10-08_09:32:58,8516,21829,56641,7967,18124,33954,31,3920,5180
2024-10-08_09:33:00,7756,21829,56643,7998,18124,33955,31,3920,5180
2024-10-08_09:33:02,7647,21829,56644,7954,18124,33955,31,3920,5180
2024-10-08_09:33:04,8532,21829,56647,8002,18124,33955,31,3920,5180
2024-10-08_09:33:06,7800,21829,56653,7988,18124,33955,31,3920,5180
2024-10-08_09:33:08,8544,21829,56692,7989,18124,33955,31,3920,5180
2024-10-08_09:33:11,7755,21829,56693,7965,18124,33955,31,3920,5180
2024-10-08_09:33:13,7588,21829,56694,7988,18124,33955,31,3920,5180
2024-10-08_09:33:15,8401,21829,56695,7955,18124,33955,31,3920,5180
2024-10-08_09:33:17,7829,21829,56697,7972,18124,33955,31,3920,5180
2024-10-08_09:33:19,8451,21829,56703,7974,18124,33955,31,3920,5180
2024-10-08_09:33:21,8419,21829,56703,7990,18124,33955,31,3920,5180
2024-10-08_09:33:23,8717,21829,56705,7957,18124,33955,31,3920,5180
2024-10-08_09:33:25,7789,21829,56706,7970,18124,33955,31,3920,5180
2024-10-08_09:33:27,8514,21829,56707,7989,18124,33955,31,3920,5180
2024-10-08_09:33:29,7751,21829,56707,7959,18124,33957,31,3920,5180
2024-10-08_09:33:31,8511,21829,56707,7967,18124,33957,31,3920,5180
2024-10-08_09:33:33,8301,21829,56707,7995,18124,33957,31,3920,5180
2024-10-08_09:33:35,8466,21829,56709,7958,18124,33957,31,3920,5180
2024-10-08_09:33:37,8448,21829,56710,7998,18124,33957,31,3920,5180
2024-10-08_09:33:40,8417,21829,56710,7986,18124,33960,31,3920,5180
2024-10-08_09:33:42,8492,21829,56710,7982,18124,33964,31,3920,5180
2024-10-08_09:33:44,8644,21829,56718,8002,18124,33964,31,3920,5180
2024-10-08_09:33:46,8997,21829,56735,9366,18124,33965,172,3921,5181
2024-10-08_09:33:48,8600,21829,56737,8129,18124,33967,31,3921,5181
2024-10-08_09:33:50,7790,21829,56740,8008,18124,33967,31,3921,5181
2024-10-08_09:33:52,8512,21829,56740,7995,18124,33967,31,3921,5181
2024-10-08_09:33:54,8449,21829,56740,7956,18124,33967,31,3921,5181
2024-10-08_09:33:56,7701,21829,56757,7990,18124,33967,31,3921,5181
2024-10-08_09:33:58,8933,21829,56757,8000,18124,33967,31,3921,5181
2024-10-08_09:34:00,8579,21829,56786,7987,18124,33967,31,3921,5181
2024-10-08_09:34:02,7723,21829,56825,7987,18124,33967,31,3921,5181
2024-10-08_09:34:04,8493,21829,56826,7968,18124,33967,31,3921,5181
2024-10-08_09:34:06,7735,21829,56827,8004,18124,33967,31,3921,5181
2024-10-08_09:34:08,8653,21829,56830,7983,18124,33968,31,3921,5181
2024-10-08_09:34:10,7762,21829,56830,7974,18124,33968,31,3921,5181
2024-10-08_09:34:13,7548,21829,56831,7987,18124,33968,31,3921,5181
2024-10-08_09:34:15,7623,21829,56831,7956,18124,33968,31,3921,5181
2024-10-08_09:34:17,7797,21829,56832,7998,18124,33968,31,3921,5181
2024-10-08_09:34:19,7817,21829,56832,7959,18124,33968,31,3921,5181
2024-10-08_09:34:21,7688,21829,56834,7957,18124,33968,31,3921,5181
2024-10-08_09:34:23,8502,21829,56835,8003,18124,33968,31,3921,5181
2024-10-08_09:34:25,9418,21829,56835,9559,18124,33975,403,3923,5183
2024-10-08_09:34:27,8532,21829,56838,8100,18124,33977,31,3923,5183
2024-10-08_09:34:29,7778,21829,56839,7965,18124,33977,31,3923,5183
2024-10-08_09:34:31,7684,21829,56841,8000,18124,33977,124,3923,5183
2024-10-08_09:34:33,7696,21829,56845,7988,18124,33977,31,3923,5183
2024-10-08_09:34:35,7630,21829,56862,7956,18124,33977,31,3923,5183
2024-10-08_09:34:37,7657,21829,56863,7975,18124,33977,31,3923,5183
2024-10-08_09:34:39,8476,21829,56864,7967,18124,33977,31,3923,5183
2024-10-08_09:34:41,8558,21829,56866,7954,18124,33977,31,3923,5183
2024-10-08_09:34:43,7848,21829,56893,7966,18124,33977,31,3923,5183
2024-10-08_09:34:46,8477,21829,56894,7954,18124,33977,31,3923,5183
2024-10-08_09:34:48,7755,21829,56895,7987,18124,33977,31,3923,5183
2024-10-08_09:34:50,8480,21829,56898,7967,18124,33977,31,3923,5183
2024-10-08_09:34:52,8447,21829,56898,7988,18124,33977,31,3923,5183
2024-10-08_09:34:54,8489,21829,56898,7956,18124,33977,31,3923,5183
2024-10-08_09:34:56,7799,21829,56899,7961,18124,33977,31,3923,5183
2024-10-08_09:34:58,8478,21829,56900,7967,18124,33977,31,3923,5183
2024-10-08_09:35:00,8391,21829,56904,7957,18124,33977,31,3923,5183
2024-10-08_09:35:02,8343,21829,56904,7957,18124,33977,31,3923,5183
2024-10-08_09:35:04,8405,21829,56905,7974,18124,33977,31,3923,5183
2024-10-08_09:35:06,8611,21829,56908,7989,18124,33977,31,3923,5183
2024-10-08_09:35:08,7774,21829,56910,7986,18124,33977,31,3923,5183
2024-10-08_09:35:10,8473,21829,56915,7998,18124,33977,31,3923,5183
2024-10-08_09:35:12,8304,21829,56915,8000,18124,33977,31,3923,5183
2024-10-08_09:35:14,7752,21829,56916,7987,18124,33977,31,3923,5183
2024-10-08_09:35:16,8509,21829,56919,7967,18124,33977,31,3923,5183
2024-10-08_09:35:19,7453,21829,56919,7987,18124,33977,31,3923,5183
2024-10-08_09:35:21,8492,21829,56919,7988,18124,33977,31,3923,5183
2024-10-08_09:35:23,7755,21829,56920,7962,18124,33977,31,3923,5183
2024-10-08_09:35:25,7810,21829,56947,7987,18124,33977,31,3923,5183
2024-10-08_09:35:27,8425,21829,56947,7959,18124,33977,31,3923,5183
2024-10-08_09:35:29,8564,21829,56947,7988,18124,33977,31,3923,5183
2024-10-08_09:35:31,8499,21829,56949,8007,18124,33977,31,3923,5183
2024-10-08_09:35:33,7784,21829,56949,7958,18124,33977,31,3923,5183
2024-10-08_09:35:35,8492,21829,56950,7984,18124,33978,31,3923,5183
2024-10-08_09:35:37,7744,21829,56951,7968,18124,33978,31,3923,5183
2024-10-08_09:35:39,8476,21829,56951,7958,18124,33978,31,3923,5183
2024-10-08_09:35:41,7739,21829,56954,7955,18124,33978,31,3923,5183
2024-10-08_09:35:43,7516,21829,56957,8002,18124,33978,31,3923,5183
2024-10-08_09:35:45,7509,21829,56958,7998,18124,33981,31,3923,5183
2024-10-08_09:35:47,8521,21829,56960,7988,18124,33981,31,3923,5183
2024-10-08_09:35:50,8326,21829,56962,7995,18124,33981,31,3923,5183
2024-10-08_09:35:52,7780,21829,56963,7987,18124,33981,31,3923,5183
2024-10-08_09:35:54,7819,21829,56964,7988,18124,33981,31,3923,5183
2024-10-08_09:35:56,7721,21829,56965,8005,18124,33981,31,3923,5183
2024-10-08_09:35:58,7774,21829,56967,7986,18124,33981,31,3923,5183
2024-10-08_09:36:00,8500,21829,56974,7954,18124,33981,31,3923,5183
2024-10-08_09:36:02,8336,21829,56974,7968,18124,33981,31,3923,5183
2024-10-08_09:36:04,8361,21829,56974,7999,18124,33981,31,3923,5183
2024-10-08_09:36:06,7753,21829,56974,7989,18124,33981,31,3923,5183
2024-10-08_09:36:08,7482,21829,56974,7953,18124,33981,31,3923,5183
2024-10-08_09:36:10,8528,21829,56978,7969,18124,33981,31,3923,5183
2024-10-08_09:36:12,7748,21829,56979,7987,18124,33981,31,3923,5183
2024-10-08_09:36:14,7517,21829,56980,7959,18124,33981,31,3923,5183
2024-10-08_09:36:16,7510,21829,56982,7964,18124,33987,31,3923,5183
2024-10-08_09:36:18,7498,21829,56984,7957,18124,33987,31,3923,5183
2024-10-08_09:36:20,7514,21829,56985,7992,18124,33987,31,3923,5183
2024-10-08_09:36:23,8613,21829,56986,7975,18124,33987,31,3923,5183
2024-10-08_09:36:25,8509,21829,56988,7990,18124,33987,31,3923,5183
2024-10-08_09:36:27,7763,21829,56988,7988,18124,33987,31,3923,5183
2024-10-08_09:36:29,8515,21829,57045,8011,18124,33990,31,3923,5183
2024-10-08_09:36:31,7780,21829,57046,7984,18124,33990,31,3923,5183
2024-10-08_09:36:33,6210,21829,57048,7818,18124,33990,31,3923,5183
2024-10-08_09:36:35,7726,21829,57050,7972,18124,33990,31,3923,5183
2024-10-08_09:36:37,8518,21829,57060,7967,18124,33990,31,3923,5183
2024-10-08_09:36:39,7685,21829,57067,7987,18124,33990,31,3923,5183
2024-10-08_09:36:41,8524,21829,57067,7951,18124,33990,31,3923,5183
2024-10-08_09:36:43,8332,21829,57067,7966,18124,33990,31,3923,5183
2024-10-08_09:36:45,8398,21829,57067,7958,18124,33990,31,3923,5183
2024-10-08_09:36:47,8569,21829,57067,7988,18124,33990,31,3923,5183
2024-10-08_09:36:49,8527,21829,57068,8002,18124,33990,31,3923,5183
2024-10-08_09:36:51,8469,21829,57068,7999,18124,33990,31,3923,5183
2024-10-08_09:36:54,8487,21829,57069,7956,18124,33990,31,3923,5183
2024-10-08_09:36:56,8344,21829,57069,8000,18124,33990,31,3923,5183
2024-10-08_09:36:58,7699,21829,57069,7955,18124,33990,31,3923,5183
2024-10-08_09:37:00,8483,21829,57082,7957,18124,33990,31,3923,5183
2024-10-08_09:37:02,8469,21829,57087,8001,18124,33990,31,3923,5183
2024-10-08_09:37:04,8499,21829,57093,7991,18124,33990,31,3923,5183
2024-10-08_09:37:06,8464,21829,57093,7953,18124,33990,31,3923,5183
2024-10-08_09:37:08,8340,21829,57104,7999,18124,33990,31,3923,5183
2024-10-08_09:37:13
2024-10-08_09:37:23,17060,21831,57121,11956,18130,34296,2470,3923,5211
2024-10-08_09:37:28
2024-10-08_09:37:38,16061,21831,57197,11944,18130,34309,2470,3923,5213
2024-10-08_09:37:43
2024-10-08_09:37:53,17028,21831,57199,11982,18130,34312,2470,3923,5213
2024-10-08_09:37:58
2024-10-08_09:38:08,17172,21831,57420,11987,18130,34337,2470,3923,5213
2024-10-08_09:38:10,7797,21831,57420,7910,18130,34344,77,3923,5213
2024-10-08_09:38:12,7496,21831,57422,7959,18130,34344,31,3923,5213
2024-10-08_09:38:17
2024-10-08_09:38:27,17017,21831,57424,11982,18130,34344,2470,3923,5213
2024-10-08_09:38:32